45 8671 6530 663 967 9322 990 2006 2333 2011 3064 447 4479 8419 6629 2042 4213 6656 3476 3034 9301 6337 9344 1511 847 9558 6922 8342 9248 3719 9214 1773 6076 3246 9289 5818 9139 3878 3784 6459 6820 5475 4654 6928 5332 4311 
42 3729 7319 1460 5426 8687 7210 2811 1375 4078 3017 9 4972 3464 3664 5580 1157 6914 3221 8499 4253 997 9022 4913 5810 7366 3395 5626 5046 31 3487 1536 5765 1357 3924 8405 9153 8825 4850 4443 3564 9160 601 
45 5670 4370 1694 7409 5189 2750 7100 9698 5583 2003 2554 2923 4332 7963 8343 8460 504 4051 393 330 5992 8488 936 5839 8742 7651 5293 3145 6615 9055 8259 9379 3155 3788 156 8167 9596 7102 5422 1914 4110 1525 61 559 7171 
48 6755 5941 3556 9957 8174 5799 2715 9064 916 5913 8298 4393 9582 8798 9706 2272 2683 6514 4460 6703 6457 1818 2708 1572 7305 8733 3336 9532 354 5305 5227 1600 957 5648 3417 7580 8959 5162 6273 1270 7420 8592 3559 1714 5311 1297 9282 8815 
45 370 423 155 3226 9218 8830 7846 3083 8196 4577 2277 6804 3850 3479 9338 4205 2132 4016 521 107 6094 8132 9526 4877 4891 6806 6333 6025 2863 7576 307 8794 5219 8051 4068 4440 8024 3421 6346 9441 3530 1403 514 7741 772 
47 3248 7747 9542 9724 6847 3815 6622 5968 2690 2880 2964 5499 4781 5599 3442 1612 4452 8276 3001 5789 3176 2491 4009 5918 5496 9061 5057 8965 9052 4669 6213 267 215 3684 1726 2879 6394 1164 1790 7162 515 6461 5255 5601 9432 535 4197 
45 1379 9967 9780 8716 4797 8233 7130 2039 9032 4993 3872 4489 12 4629 9324 3325 9478 816 7338 5407 8724 545 4918 7458 1034 2776 4547 1711 9345 7751 1703 8078 6976 3974 6756 2018 7560 8265 1458 2838 3734 3548 7390 6960 7041 
46 5186 940 6066 4529 2947 5628 8287 8383 7779 880 3214 468 7692 8529 4782 2761 6210 5772 2757 9924 8665 2643 5082 1063 4202 1354 4461 16 5215 5629 3188 209 9043 9117 6977 6525 6138 2076 5401 2972 592 1256 9428 9912 73 6807 
48 9435 5246 5399 5880 9636 6385 5568 1521 3210 8251 1156 1810 3002 4992 6058 5749 2845 8489 4548 1042 6141 2861 5973 8032 4689 2709 3912 7879 3201 4014 6749 4473 4512 588 5064 3886 4083 9025 8753 5868 1796 2355 1841 9468 3027 169 149 3859 
48 6119 1591 4426 1114 6163 4509 8934 760 3917 5135 6982 7513 2794 7078 9670 7481 1829 4766 9546 9614 367 2165 1192 9799 9740 6045 3638 2306 1576 2030 4167 9036 213 6648 8015 5230 4382 3076 7109 793 9878 2884 5363 34 3807 415 794 3582 
45 5961 906 4731 9460 3509 9727 4919 2104 7656 3857 335 999 4469 4603 3856 4906 1632 4486 1479 721 2685 6099 6974 4216 2284 5184 7742 7249 7553 2670 233 5738 5999 7356 8596 3091 3997 4959 4768 8702 4178 1929 1642 2360 3318 
46 9615 2213 3726 6686 467 2359 8386 4276 9033 9453 3848 6861 6144 4573 4716 9448 3882 5321 7368 8669 9493 2904 5136 505 5335 7933 9472 3963 9921 1624 4719 5451 6835 8127 6739 408 9576 5526 2001 5465 647 8144 5009 3900 2498 8465 
46 7329 4194 1117 2980 6212 3897 8573 4172 2280 3949 394 6450 6551 1606 5156 9184 1608 7374 1418 914 7529 3673 8097 5428 2984 7199 312 55 6467 3124 6801 4825 3006 6334 7182 1449 6067 5205 4608 238 4315 8289 9349 2130 4028 8690 
46 5071 4930 1823 9547 7283 1399 5607 524 4514 6426 8773 6699 2024 2412 6080 5357 1888 1681 189 2231 3073 8850 6639 2934 9837 8487 2173 2240 5919 4707 8161 5570 590 1964 9084 4721 8531 3940 2973 5433 6528 5546 4266 4802 2758 6837 
47 6896 3787 8817 1137 4502 5192 8102 6865 1411 2416 128 5572 3196 1907 53 8884 9803 4687 9631 1918 6297 8550 4176 3904 979 2019 6013 2099 4855 1831 609 141 2441 9973 5534 525 3525 2180 9650 7500 7149 6126 5605 9647 3698 6736 3646 
44 572 3183 2895 4271 1441 4396 6704 6697 4200 9888 5591 413 5781 694 4596 3275 4883 714 4015 6735 2659 828 7961 4070 8611 8384 526 1948 9926 6278 11 5066 9713 4895 6134 2275 1317 5782 2779 8212 9318 3907 4086 9207 
45 6264 4229 2336 7148 8814 923 2133 4362 9420 6383 8803 7660 737 7732 851 624 6075 7708 1940 8779 2885 3284 8256 9599 7542 5330 7127 2131 9864 8651 4226 8261 1898 3612 4861 371 678 6458 3100 7189 82 2247 4157 4878 2595 
45 9099 1105 1183 6485 3830 7706 814 7244 9121 1404 1291 2987 3722 550 5483 5726 854 3677 2916 7785 2970 9170 7110 8864 4704 5069 5936 567 6610 2274 1653 6465 3134 508 1474 7340 4116 3447 5518 9425 3514 8202 5048 4873 6895 
47 6074 2215 3692 6378 9072 6569 7954 2476 9519 5737 2576 9674 8121 7926 108 5409 8003 1006 2191 7141 98 4144 5679 7298 6540 5728 8479 8360 249 7391 3891 6031 8862 7672 2033 3703 4269 4520 8493 3227 5022 6410 703 6001 4983 5134 1451 
47 5850 2013 1147 3727 7030 300 2817 4969 7873 4505 960 9200 9494 9771 7924 1139 7352 2688 7909 6841 5198 6675 580 4966 8193 6245 234 9484 667 5216 7247 2730 6254 4752 7634 1565 2367 4098 7139 7697 8228 6936 6559 9424 4664 5527 64 
46 1247 2386 9518 3869 3062 4943 6931 1076 3346 3849 9051 2111 3355 6519 2707 3522 2073 8721 9758 4413 1981 9667 2161 6293 4775 699 912 3453 2458 5272 356 302 3715 8283 4694 600 925 7609 6799 3657 133 9894 3234 7294 1123 7733 
46 5440 8404 6143 3366 4087 206 4714 7775 4799 3434 8901 7014 70 8408 2345 293 2849 2639 4533 838 8096 8957 1745 2777 9777 8159 6647 2676 2258 3379 9429 2518 3647 431 6218 5174 8811 6759 8548 5318 9761 7506 5462 8663 6585 1426 
46 2836 175 9663 1916 7617 6228 6577 9208 248 6731 8988 5403 4531 8542 2340 1165 6590 6742 2022 9743 1027 5616 6462 3342 3760 4660 8101 6586 6620 7164 3231 9211 9258 1033 5636 9474 176 6844 6363 6223 6274 6674 9265 4893 669 7885 
47 4372 6436 1227 3060 8403 5684 740 8536 1738 1620 9001 479 2253 1396 2985 4568 9094 7668 2461 5185 3153 8329 7236 4033 7009 5414 8270 7913 1101 5114 1685 2525 7738 3152 8491 3128 2540 9557 4574 4836 2380 7478 2291 8870 321 9747 901 
45 3099 9175 3141 8697 2760 7051 5132 4151 8626 3041 1953 9291 7606 8983 7862 9845 8812 5736 6993 2762 2157 5068 959 503 1466 9520 8670 725 7928 2957 1339 2896 7262 1927 4787 6876 2546 9763 4865 500 2105 4498 4619 1912 6116 
48 9835 539 9132 9466 9996 4831 1887 5826 993 5026 7266 9268 4842 7579 9521 199 4638 5418 8804 6478 9611 9498 63 8569 4235 8049 1621 6766 5486 683 8829 1177 9793 2720 9359 5338 8588 8280 172 8583 3467 7303 8415 2026 3499 6542 265 7629 
44 3778 7383 1794 583 1170 6393 2891 9165 2417 8271 299 1140 9365 41 8941 9069 2081 3852 5079 2084 4698 4995 826 8112 1483 3616 9300 879 2829 800 3755 8717 8339 5942 8780 4953 1311 2495 145 221 2789 9109 6343 5028 
46 852 3190 7431 9307 7224 8922 3821 311 3021 2586 8218 6747 6244 5837 9964 6986 5444 120 8579 9403 347 7178 8039 4034 5106 8840 795 5698 8297 493 180 4805 4627 5658 931 9251 1919 7922 1538 9563 3504 4709 6733 2148 5979 5533 
48 696 5193 710 4242 6379 3490 8053 8388 7624 9239 1546 1219 2940 8409 8205 4351 6046 7323 9246 5308 7713 2784 7379 9111 7185 1133 2343 2725 4620 201 4524 7655 7418 5959 3828 8014 9216 8145 6869 7515 1090 4746 6570 7372 5997 3167 4540 3207 
46 9199 5840 7254 6371 2824 8366 1635 2199 537 1030 5265 9550 4045 4262 4248 7462 6494 1553 6858 2007 6040 6811 593 3822 9731 2691 8897 654 7133 8146 9993 8438 1171 2207 2770 6168 2541 3672 759 1072 8187 9330 5213 5182 5152 4576 
45 1248 933 651 4258 7762 4007 6093 4026 6117 8874 1873 9719 8331 5104 361 1668 2000 114 3311 4970 1883 9770 6891 8370 6607 4853 4645 3429 4795 1374 8785 9854 1473 8991 829 9541 8222 568 6175 7566 2292 2121 1064 3768 2060 
45 9502 8079 9987 165 8624 7953 1695 8009 4274 6496 7146 6814 6181 2244 597 921 6214 2314 2225 9928 9910 1066 1421 7737 9589 1326 3251 8317 8896 4058 4788 2377 1639 886 4677 253 9849 3500 5392 7646 4597 8284 3511 9306 4501 
46 8521 5502 9000 1541 8324 6789 5754 9011 8507 3599 9704 443 8564 4851 1816 3407 3320 1279 3547 2542 1035 7815 6364 193 8627 3702 4828 9370 8226 2297 821 8335 778 1830 3403 276 858 6793 1134 7447 7721 4159 4867 7234 3486 455 
46 4622 565 574 6398 6233 3797 5376 5352 6316 9543 8431 7291 4931 9205 5715 5337 6234 2978 9285 4564 6090 2077 7212 3194 2435 5126 2362 4773 4237 2632 7581 1877 6194 881 3225 5665 1472 1846 2080 9054 5704 7003 5879 3691 2049 3260 
46 8552 926 6402 3742 7911 1125 3131 5256 8126 6899 2958 9059 2718 9788 7158 6320 563 4996 636 5296 2955 3956 3426 4335 3364 2982 2998 8456 7053 9617 736 6827 65 6259 1586 7228 8027 4318 6959 2200 899 1819 4600 4140 4388 6765 
47 9689 5207 6761 2116 3203 1048 3701 1422 8560 6830 2447 9035 874 360 6743 9204 6321 8294 2064 8012 7405 3743 1943 4227 6187 4342 1019 9070 7142 6646 888 4169 7716 5637 3309 5109 9182 8954 6521 3242 7059 9942 8990 5912 1014 7731 9414 
46 7902 1010 89 2686 2404 6583 5353 8232 2470 5833 7378 1054 8731 4457 6022 2870 8463 6998 5847 5463 7308 9400 308 873 1731 9337 548 9237 869 5874 4812 9342 3213 9933 3162 2281 8847 7743 3075 9718 2764 9794 9936 6867 30 3658 
46 9607 4821 1026 7694 7554 2070 8429 6142 702 4811 8696 5594 5773 4679 8710 398 2841 1851 9600 7509 5538 1743 6775 7613 2535 3253 5549 6515 6208 9941 4347 6566 6784 8937 5733 5801 9625 5522 5145 7790 7444 9476 9825 7934 105 8263 
45 5986 5650 96 5467 4299 4575 9741 6790 945 2308 9380 7046 2847 5643 3581 8435 353 4823 1228 8999 3718 6200 9504 727 6051 3720 6698 1654 7172 2028 3375 7977 6536 8545 5493 7921 9685 3527 686 587 7456 7324 656 5932 6808 
45 6470 1249 9407 4442 5445 1583 2717 9463 7355 7600 3119 1304 2 4963 8647 8061 1944 6454 5945 8972 3894 9194 484 5298 132 7687 1692 4613 6860 8200 9586 8450 8269 5388 290 633 5360 511 1075 5759 2254 2656 9641 1860 2326 
46 1533 3838 7066 7780 3884 4381 7446 8075 2979 5716 4951 5438 7967 3578 9186 1284 6037 9479 8914 258 4862 4964 4771 7947 9454 7604 8381 5235 6285 7828 7018 3045 4956 3836 9465 7836 6354 1015 7427 3968 7371 2429 9995 907 6961 7618 
45 7771 1381 6985 8900 1590 2449 4398 3129 2155 9461 1319 3003 755 5261 1355 7586 8949 1214 2453 4666 3159 7263 6900 4610 6595 4186 4611 2489 3436 643 5902 7157 7347 9922 9752 2526 5934 4621 1445 1040 6241 4536 9140 2354 577 
46 2650 336 4376 470 5155 2456 1245 2969 7896 5960 7200 2959 1281 426 1729 6162 3475 1013 5078 7010 3792 314 9585 3818 7156 2096 3384 8551 2749 1945 7752 2249 2123 6909 8424 6689 4445 1044 6096 561 8244 2488 2342 9601 8577 844 
47 9855 1982 9686 9978 5685 2911 7354 4135 49 2857 8720 435 4402 5123 5681 6251 2766 5203 7007 7453 585 5632 745 1366 1412 8084 1129 4700 4282 4590 3749 4915 3602 2162 179 1975 313 266 9628 2976 4908 5127 1673 835 2529 8033 7339 
44 2048 346 6057 280 5443 4307 3562 1634 8224 2443 861 1028 6787 7763 5748 4209 3875 7991 8958 3540 9983 637 1828 8273 9805 8059 2468 897 4203 1589 9279 7195 6708 7096 6611 5793 5552 1784 1969 4391 9696 5631 5377 3018 
46 9128 6893 9366 1455 1625 2550 8617 1148 339 2411 7778 5531 7186 5480 1537 8726 625 5807 7331 895 5233 8833 4681 2611 8828 1347 5447 1662 377 8967 170 6882 244 4927 5989 1603 7088 8528 8023 6920 5588 6104 5307 9581 7047 9642 
46 7278 4017 418 4326 7270 8599 5000 7538 8021 8674 1229 8936 4705 5978 1515 6826 3098 458 4154 5621 50 3132 5044 7388 8570 4667 8530 8513 3408 4268 9594 9726 2372 6199 8729 3918 2260 3303 222 892 642 3390 3289 2466 1644 5275 
44 6071 9948 9386 9954 7203 3794 8526 1372 6579 9798 706 5745 1211 8133 3887 9041 4713 2242 5871 3645 3985 4041 1337 5491 9102 9998 5087 7840 8886 1487 342 99 1225 3474 2067 9682 8822 6339 4902 4031 1701 3326 472 6469 
46 5034 1091 5633 9269 6438 4196 787 6048 1393 4360 9808 5223 6545 3121 2532 8372 982 7269 6009 9923 9450 9511 9107 3385 2310 7507 9044 1209 3058 3052 9507 473 6777 7205 8249 6065 4190 3332 7739 2732 896 1095 6466 2536 4879 2527 
47 5429 4981 2516 4198 6261 2919 78 747 376 8029 2638 427 5157 4076 4755 1516 130 1960 5814 6060 516 4115 4521 7764 5970 9997 6453 6968 410 1664 5946 6188 3146 7163 2951 5473 7530 6431 1197 7082 6516 1122 6482 8676 3980 5756 2944 
46 4130 8363 2431 6972 2741 6473 9213 7827 2198 6897 6655 6923 246 1905 9123 3082 2556 3377 1000 6012 9716 1109 842 3307 5326 4532 9095 4419 1563 5603 2892 2705 5950 6664 5768 4352 5574 7013 2219 9062 2747 3975 3178 203 918 4767 
46 6492 5439 7411 2434 7093 1318 8106 8584 7197 1601 422 9717 7011 3895 7893 5474 7469 6411 9097 8130 1609 4692 8604 8201 5741 7817 166 9409 981 8747 2252 8211 481 7749 4937 6722 8348 8158 9058 2196 432 5151 8913 3587 2046 2607 
45 2492 1610 2176 2128 2478 1 1495 3094 4631 6263 5284 196 8605 4816 7972 1377 4059 6643 7220 983 3618 3748 8565 9852 5365 6817 8340 7801 905 5506 6724 1500 7632 542 4511 5092 8426 7040 6621 8445 1309 152 5259 4361 8725 
44 3050 6167 101 2636 9969 8805 732 7251 9203 7055 9002 1934 359 9690 7539 2089 9867 4934 2604 2702 7396 3774 259 976 8962 1705 2822 4079 1967 5194 9120 4911 5614 9467 3654 2581 1453 4628 1152 4275 1968 6783 9637 3406 
46 4495 3339 87 5065 3012 7235 7067 570 9391 7452 358 4858 610 8911 6077 44 6081 6240 670 1159 5288 741 1949 1112 758 8002 4856 1087 1141 8163 8400 1287 2809 2222 9490 1512 2990 3991 7915 5128 9764 7028 1736 4435 3206 1920 
45 3793 7756 2421 4889 3681 7974 5346 9381 4375 6102 7360 3065 527 4175 7181 6797 247 3908 1222 8906 1526 3232 4905 185 2433 6421 7906 2626 3069 2798 9018 6352 4289 9873 4256 1998 3454 2948 8646 3480 9329 6692 2167 768 5558 
45 8107 4656 8505 5598 7297 4287 9005 3534 8180 8976 9115 3871 4876 7223 9886 5739 2933 6033 2014 6381 5125 8544 2996 9363 8869 6845 8473 9108 5883 2394 8882 5370 6557 6657 6650 6098 5283 7695 9661 6592 6600 8948 2192 8969 7996 
46 4162 5472 863 3757 3019 243 1342 6994 9548 8362 4880 8374 7138 4738 1434 7710 4668 6720 2178 8832 4770 7597 2127 1781 8956 4640 7569 8639 970 2712 2086 2981 6202 7054 783 6864 5595 9786 709 3093 6235 5240 4863 7657 9821 8081 
47 9040 1413 261 8288 6695 2324 4075 4661 5983 2649 7943 6563 2241 3228 4588 9517 2790 7611 436 8541 3394 9145 2752 4985 345 348 3 6183 7724 2108 1043 9008 6400 1661 277 6556 3771 7091 5766 3552 4345 3202 7037 8462 7321 6439 1277 
47 8100 9155 9681 790 9274 437 7844 3025 4118 6124 3585 8477 8394 9869 338 4899 3264 9079 7970 8176 6092 6641 5469 7505 9393 8247 9725 8042 2454 7782 1180 9019 1065 3298 2568 2700 2140 1789 8688 3127 4155 9195 7856 2510 900 8026 2902 
46 7258 7715 9288 7154 5497 2664 3812 517 8575 3404 1447 194 1199 4602 5696 5944 1574 774 4526 9373 4042 3688 3565 3634 8498 3382 8602 4103 6135 1425 5310 7993 8769 2557 6715 973 117 2390 4411 8666 7501 5049 5287 2571 5477 5158 
48 975 8234 2106 399 4298 2150 7899 819 6796 8043 8497 2854 4220 1158 2058 891 2402 7020 9935 4455 5640 3835 7105 4387 1021 7025 9066 2409 2419 9321 6281 775 6369 9679 7211 4708 4218 5101 5206 1153 2887 7605 9575 5668 6169 2875 4380 7006 
44 5798 1360 6365 2090 3276 3224 1073 3243 3594 1809 5091 6010 894 2194 4761 5994 9096 8559 6016 7937 3488 2071 5175 2912 8512 6073 7816 1216 6880 2029 5667 3604 6857 9497 6723 9673 5543 6877 1476 7994 6934 2658 6475 8359 
47 3545 6630 9223 6121 5300 8844 6401 4637 2773 1836 7574 9257 6311 4182 366 3687 2850 9622 6357 764 1017 7239 6587 9620 316 7419 3842 576 292 552 7024 1203 6039 812 9183 8578 260 3993 4357 8960 5824 1111 2059 4334 9317 343 5714 
45 7830 2578 2088 4060 8230 8077 9193 5609 7765 7498 2652 6392 1371 8220 4005 4358 1568 363 2214 4924 1676 3297 8349 7592 357 8229 9167 6286 9789 7855 3611 7700 4921 6726 8080 297 698 6349 4378 7465 1839 4808 3883 9030 9286 
45 7725 7389 4424 5442 8681 6035 3533 6406 1031 3491 4994 136 419 8978 9900 1231 5757 8094 6667 581 7252 1861 143 8863 3721 8240 4859 4210 4192 15 2285 5990 7854 7039 1658 5876 4433 5708 5163 384 5421 9397 6416 5706 5863 
47 7135 2405 7499 779 4522 3452 4465 8293 4980 2082 20 6300 1555 210 4255 7477 2083 2787 5920 2185 937 6296 4063 1269 6548 5600 9083 5753 3855 2634 9669 1626 6152 7795 7960 7776 8856 6112 6802 5903 5402 8494 1547 1327 6947 5550 1719 
47 9004 8254 8590 6390 421 8787 3273 6108 3435 3440 5025 8532 7679 9856 5344 7523 2788 5239 5329 4948 5933 4270 6237 6950 7116 2710 2509 8250 91 9528 8940 7031 8952 5925 1811 3926 1278 2228 8977 1262 5097 5811 8307 2052 3055 3543 1785 
45 1954 2499 6260 8425 240 7766 996 9071 7952 731 4466 6409 3573 6582 1003 9759 9818 7607 9201 4900 7108 1972 9828 3187 3686 9618 1825 9464 9646 4291 9299 3335 9141 9606 8169 47 6884 3506 8071 4869 3777 229 7633 1924 3930 
48 630 7813 1523 6498 2296 6813 449 1759 4225 6294 8274 7583 6727 4754 1567 4641 9174 9192 3353 2206 5644 8719 3161 3754 2727 32 3710 8054 4273 6471 9451 7755 3262 713 1508 9705 8728 9220 3653 2587 9812 7435 291 1801 950 8123 2327 1889 
46 9189 6719 2925 7165 4820 303 4212 2585 3714 7669 116 7083 8010 2647 5280 3437 1971 1757 4323 5615 9452 4170 5630 4839 2504 2678 3497 5977 9232 5851 3669 2271 7670 8475 9538 5142 4390 3560 5802 4146 6166 9326 1074 4847 5846 9757 
46 4733 1461 6158 6295 3139 5333 2290 9968 6064 8867 3173 798 1193 1482 2774 2771 824 8620 7346 5524 8752 8845 7395 8792 9703 7649 1198 3334 1993 4758 4286 1463 8215 7786 3643 6164 471 2694 5729 7466 9626 1549 8255 9745 5237 8781 
46 6644 8375 2307 1435 8767 9135 3261 3031 8943 8171 1290 3765 4181 5886 9050 992 4539 434 476 4986 4301 1368 5585 9577 2295 109 681 1038 7225 3649 8214 9712 4890 6043 7966 7401 6403 608 6995 4474 3660 9358 6432 4101 4215 420 
46 7479 631 6186 8925 6109 595 1631 3503 5103 4871 6003 4785 4635 8452 4094 3741 4179 8253 9739 5085 6375 8511 2530 7886 3117 9792 8944 7460 8793 5515 6298 7277 1468 8008 6988 6184 488 256 5940 2877 6888 682 7304 5859 9624 1723 
47 9829 6751 1312 390 4585 4928 5835 640 3067 6151 2580 8041 2197 284 3469 9374 7522 1798 8500 3758 8955 9508 5617 4566 138 3163 3396 915 6571 6070 2621 4126 6969 3932 3589 7176 4195 3494 9593 8861 2265 2349 8806 8749 1930 1224 2637 
46 4818 4476 5947 5314 7534 635 4872 3834 9017 3296 167 4736 9693 7129 8520 4339 6567 4515 962 7 3632 7931 328 4594 6846 9914 8028 3023 2008 5655 4657 2303 8258 3063 4456 4032 791 8668 5718 6663 8323 2672 9980 8907 1623 1835 
46 9068 7068 7973 5455 6883 227 7675 3028 7784 2865 743 2477 6230 980 7979 6597 3415 3694 8135 424 3111 2803 5820 9278 2963 2594 6776 466 7793 4267 3333 2315 1894 8644 1493 7547 7614 2613 4945 6248 4322 1826 6509 9470 6338 147 
46 232 2175 67 3451 8423 1077 4909 2974 9887 9253 6277 275 9281 3386 7745 2338 1315 9134 4987 4581 1022 4254 7213 1059 3103 7099 1876 7847 9897 661 4516 7528 9890 2517 9813 2616 4551 3841 3961 5688 9073 8470 878 5236 5038 9804 
45 534 134 1345 7727 8266 9106 7000 7238 575 2625 8802 5247 7677 2561 7936 1478 5231 2906 4935 4403 6113 5893 7070 368 2813 3898 1615 131 7333 544 9537 2942 1023 3631 401 1070 2392 523 5094 9078 4261 5523 4553 617 7834 
46 85 3164 1886 4672 7543 1392 3880 8909 5470 9768 6767 6290 977 4742 3744 269 2074 3051 1081 5153 3130 6701 8162 6898 489 3873 6114 7796 5803 4327 6310 1166 3959 6055 6447 9357 4406 4892 1987 2261 8221 4279 1897 2122 9992 1195 
47 5003 8011 5148 1629 4400 5244 1775 4784 6373 3546 1707 5620 8257 8616 1741 720 2035 6123 2544 8993 7121 9173 5821 1834 9879 6324 7261 3254 2164 6355 5050 9870 7770 6916 154 9779 2484 5295 6464 3583 697 8433 6444 4428 6510 4541 4350 
