6 9504 6814 3689 9490 5479 43 
11 2581 5428 9950 6391 2319 4992 6970 8359 4423 9665 6180 
8 8890 3530 2636 7790 5308 4460 3010 1068 
12 7013 6703 4824 4282 6642 2228 3213 2452 7298 9661 771 1769 
12 8773 3842 550 7926 9038 7624 3699 7615 9112 3395 5183 7418 
8 203 161 9321 2535 4264 4000 8165 3917 
11 7270 5156 1062 9639 2906 9474 2086 9270 3977 4325 9060 
11 8670 5187 2417 6824 5042 6444 6940 22 1796 5852 363 
13 6252 511 9962 6907 396 7659 2722 4248 9671 5350 4915 2913 2334 
9 2384 9576 4642 5340 581 8811 7962 213 2389 
12 719 4003 7642 967 2388 5608 7490 946 8576 2960 2148 4321 
11 1178 4064 6805 5400 7503 4163 6681 4564 93 9658 4949 
9 7468 921 8136 3340 4591 256 6798 2991 723 
12 1135 9392 412 9421 683 1130 1832 5396 3130 6556 2682 4932 
15 3696 3921 4356 2693 7564 2958 319 4651 6888 8470 7781 7944 2311 9400 9245 
5 5137 2412 3173 5573 1298 
8 7227 5375 779 4055 1395 5168 9929 528 
6 6031 492 5959 2348 7099 4754 
15 7109 7666 5584 4643 7988 1098 8505 7569 1292 5569 2078 5073 8986 3178 815 
9 2418 5660 9397 5872 1519 9162 3352 8252 1477 
8 3654 7535 8598 2596 2762 3141 333 4438 
14 9256 9702 7555 1109 8631 2395 9496 9624 2444 1394 1337 740 2129 9520 
17 6403 7243 9276 1441 5116 4327 3258 7770 7592 9992 7998 5210 9205 9150 7734 5309 5578 
8 8227 2105 7004 4851 5908 5259 3962 5498 
11 9121 6512 4211 4340 7288 2268 3150 8025 8512 556 9102 
16 4679 975 2652 254 8687 4498 52 3597 7967 8650 9083 1296 8166 8143 6131 5827 
15 9913 9815 1215 1436 4858 6902 4236 9438 6389 612 5026 7560 1322 9651 2485 
10 7716 8575 7167 8148 9541 5523 5597 201 7365 7815 
10 2176 5690 9694 1747 6779 5704 9867 2358 7417 7280 
16 563 5756 9035 2675 377 4939 2052 4690 5804 6038 1342 4237 260 8360 9423 1053 
10 6321 1910 1584 2710 3753 7588 9643 6604 2903 619 
5 8878 1186 7092 978 866 
19 2015 601 6272 9833 9604 4045 8560 1257 2907 9436 7796 4747 6423 4947 1516 3413 6025 8583 3704 
8 3647 7685 7488 8603 8599 5529 1806 1941 
12 3321 559 6223 8963 7935 7750 5180 3316 5981 7461 6332 4262 
16 1105 1628 5838 584 715 3843 9192 2179 736 5472 5767 8544 3613 6948 7419 9788 
5 311 3116 5780 5979 3076 
3 7948 9824 5552 
12 3578 5054 5899 8956 1568 4784 2370 5379 7220 1918 539 4560 
14 7936 5626 9710 9684 2817 6359 969 7532 3767 8906 239 7528 3013 8567 
16 9550 8554 7679 7466 7604 3476 9592 4654 2713 1980 5104 6167 8107 42 2263 6077 
14 6039 6818 7769 1458 3505 8416 8721 1592 2139 3968 8673 3484 385 1706 
7 4829 7122 15 6459 7153 545 2615 
13 5991 2635 4832 2766 9420 5305 3070 8916 5353 1818 173 6803 6802 
14 7913 7574 3117 7150 6850 4853 4523 9368 5785 2175 6020 9435 1740 2587 
9 2736 708 5583 1029 5139 1235 4890 5157 1763 
18 8758 8040 2180 952 3290 5713 8827 2108 5619 4892 2241 4566 8935 8903 9480 8247 7786 9039 
3 7325 4469 6308 
21 3580 400 8207 2399 7668 753 2741 9923 2482 4415 3429 6727 5998 30 2468 6064 78 2461 9732 7549 9725 
18 4435 5500 9631 57 665 8079 767 4256 4724 4965 2648 9167 235 5023 5689 8833 2721 8357 
8 3202 9158 1416 2756 3495 4565 8076 4051 
15 1560 2942 4833 8346 3199 1785 9889 342 2534 1396 8976 3748 5080 7179 8161 
10 474 3951 8902 9830 4941 8266 2990 9727 634 9870 
9 9459 5169 2479 338 2137 4232 4632 1450 8000 
14 549 6877 2112 9947 3319 6591 6582 202 1840 9880 1058 9091 9269 9350 
15 568 1100 4830 7737 4396 5830 9564 1415 7187 1259 2264 6451 7305 5067 1351 
15 9313 3409 4200 5189 1221 419 3585 3051 1474 5994 8860 524 5452 7760 4845 
10 1992 8303 3818 6301 1389 5794 2765 6513 8200 195 
13 4078 3575 9869 7580 984 8298 9375 4034 5764 1710 118 7362 2237 
8 2695 5113 9011 6517 2095 3234 8197 6847 
22 5868 7846 442 5090 6984 3615 5751 225 5050 1182 6374 9440 1944 9303 7045 1861 936 5083 293 2087 9828 6224 
22 2009 2006 530 1223 7085 6647 2217 5170 8804 9809 9741 5009 6793 8491 2561 3772 1783 6897 8969 2563 4097 4604 
16 9449 3403 8854 3477 7643 2640 8820 3044 9299 9462 3392 4190 8539 1493 803 2003 
10 48 4959 7196 6474 8368 4329 4397 1420 257 5742 
13 1209 1002 6744 6893 1431 8293 2309 2863 9110 1236 7798 4535 8954 
10 5649 3566 9394 2665 1700 5792 5941 698 4793 5963 
11 8292 1637 6155 428 3114 8253 5967 7125 4407 8524 766 
17 8184 3398 4966 1583 9975 2045 9566 3211 3421 5329 7502 7462 515 8343 6008 1782 1974 
17 6412 9852 2711 2132 2686 2551 81 4400 6971 9424 2565 8026 1871 7341 6292 9941 4483 
10 3358 6438 7931 320 9784 6772 9456 6975 2354 6525 
7 2735 2429 7379 6527 1299 8048 7584 
16 4379 7104 730 8157 6012 6749 1491 9118 7692 4138 6930 1310 103 4978 2269 2093 
19 9084 6851 8254 7236 6000 9497 1733 5279 1211 1943 3305 4470 2498 6820 37 3796 7708 2186 185 
13 8965 9314 2072 2630 538 275 2804 754 5016 9384 3406 8946 8922 
9 7399 9137 9377 6346 7900 5470 5640 9428 3207 
5 303 2053 7448 4818 5722 
13 8578 6076 2360 4147 5878 9667 7920 3761 8307 4893 6129 9148 6561 
8 6670 5227 457 8464 2887 7080 1727 5136 
10 7956 5359 6003 4838 8112 350 7898 1774 2951 8689 
22 3629 9166 6493 2642 935 9680 5620 146 7840 3636 1745 2556 5632 6566 402 2835 3154 9498 3686 2634 1533 8221 
14 7005 658 7224 2118 6413 6771 2171 1352 3867 8257 286 193 8402 7520 
14 1515 4520 1272 5087 6098 7078 2921 7483 4365 732 3016 8471 9506 7032 
15 1757 1407 7768 7613 3190 1271 2082 1800 7440 3907 6891 6846 125 6947 5524 
8 5693 7471 4935 4109 9926 7453 6753 4805 
14 4309 6150 8713 1143 5069 9028 1716 4104 4701 3161 1982 7583 4276 2545 
21 3253 7129 842 8573 4807 7884 4245 6247 8190 64 9963 9264 7715 9980 5919 9407 4251 8817 4663 9594 4681 
20 7657 3579 7546 1260 4202 6173 2852 2406 4089 6248 9632 7817 281 4472 7757 1914 9571 8842 9683 9866 
17 5018 3362 950 9242 3418 6094 1872 1391 1896 6838 5188 1424 6728 9489 6006 5367 6175 
7 187 7444 7190 4420 2439 223 9653 
6 9563 2899 5920 7206 272 5882 
6 5970 1817 4636 6622 7655 8248 
22 6466 610 6208 5025 8991 8035 871 4355 458 4924 485 9073 536 5559 9779 7394 2205 8270 6655 214 8294 2242 
14 8640 7180 8426 1869 6450 23 8996 9823 1907 1741 4590 2749 996 8584 
13 2465 6794 315 435 6128 3341 6426 1123 5420 859 9079 8381 25 
15 9847 3651 3891 4815 6293 6742 241 6251 8151 4971 174 3556 985 7619 9616 
8 2519 2278 1206 8940 9381 2430 5519 798 
24 1315 3005 4255 8351 8868 4957 9116 4806 9273 7263 3124 2187 6904 4247 5879 6103 4012 7755 5694 527 2947 2189 1622 5754 
22 3442 7230 4507 5712 5240 6480 4764 6871 9846 5803 6121 7915 9701 8103 9987 3277 11 744 3359 1444 4517 3590 
15 1563 3717 1762 8742 1864 1475 3373 2054 8326 9908 3404 1047 2017 4468 3074 
24 3607 5615 2074 9045 7787 4101 66 1587 8030 990 7274 821 4117 1117 2248 8799 2938 2841 3672 9139 9366 1976 8335 5181 
6 7862 5711 7135 8596 5278 9389 
18 837 5808 4437 2511 4006 494 6932 6067 7822 3673 4426 2935 5473 8140 2431 8432 2685 1119 
11 5440 8306 1465 1466 9720 4608 7701 5191 5862 3142 2911 
23 1335 3311 4170 6192 6186 8419 8796 1245 5422 2240 9948 546 5070 7829 7194 4266 3714 7547 887 6778 4218 7875 1989 
11 3055 8792 3729 2745 4314 3750 991 126 242 2876 9293 
24 2135 6404 7082 3188 439 3966 6729 4372 6484 252 2415 9082 6106 3031 6880 8105 3222 9816 3072 1357 2632 9704 9448 6471 
14 4839 1879 1674 6327 2382 9743 1046 7208 4326 8571 8444 4898 262 4439 
12 4494 8715 1010 9640 849 1555 4773 2994 5098 5421 3387 8016 
16 4948 4228 895 8167 2209 1433 76 5372 7407 6987 8741 1499 243 3438 8476 3805 
21 4525 8086 699 9267 9012 284 3325 633 4555 2128 2477 8815 1198 2846 2063 7262 5097 9978 186 8081 7124 
17 1900 477 1363 498 4782 5344 8176 1325 1455 4491 6769 613 5651 9917 999 7137 2712 
13 9976 9251 4940 3524 3829 3155 6548 7672 6730 3487 7285 3841 5255 
16 2949 4873 2748 6159 3821 6567 9769 2323 4595 4317 6677 6298 9239 877 786 5796 
12 84 9406 5856 3833 908 8259 4819 1521 6746 7843 6960 2231 
11 1543 7687 5393 8224 5347 5566 2528 5610 2950 1567 3136 
19 7928 8158 1142 6307 1986 1 5287 8806 6719 8220 4068 929 2402 8883 1042 8822 7582 6478 9572 
8 6822 3614 596 7025 8901 1850 1654 227 
15 9707 8213 5213 1734 9030 2346 7275 4821 2 6116 1753 8141 2285 6777 1965 
11 5299 7140 627 5060 233 7698 7171 5844 5995 8727 8649 
23 2571 2531 9128 5818 1489 8462 9071 4409 3169 8882 2355 1168 9238 2568 9324 1842 5786 1714 1597 9237 5548 9629 6572 
13 3869 6544 7912 3007 5041 3963 8268 3447 4440 537 3813 3553 6511 
12 2356 8020 3196 6756 9543 9346 853 2397 3163 9085 923 8201 
21 8175 4098 8262 7319 2690 9633 3795 3583 7019 2613 2173 7316 9516 6041 8819 5163 7006 2051 6540 9862 5687 
8 7965 1880 8037 2601 6363 4198 3893 835 
20 9752 7186 4223 7406 6409 3938 3225 3326 8533 1638 9734 4343 8291 8261 3902 1501 8621 7853 5793 7723 
20 3156 1323 965 1054 2981 1667 380 353 8018 7562 8316 7361 130 8334 6708 1286 8169 1920 7076 2619 
17 2432 9626 8489 4537 6206 9602 1200 5158 8059 7665 3685 1956 6253 4316 7646 3503 420 
18 88 8675 7810 8376 6245 6029 9951 5539 8831 5124 4593 5100 6882 5123 6699 9328 641 9055 
14 3708 3666 2809 4775 7415 2023 2910 2931 8974 7178 4351 3053 3844 3912 
14 5335 4475 6239 9890 6338 7174 6886 2480 8780 9222 8182 1539 4840 9803 
18 6783 3245 2838 9965 8719 1557 6344 5099 9441 65 8125 3645 3625 2109 3212 4878 8873 3774 
15 9393 1113 3557 1997 3086 8118 2234 8150 7363 5072 1649 4464 9153 7958 609 
19 768 47 378 3879 5088 1968 1862 7169 847 2025 1692 8027 2513 3536 7195 456 7273 8763 1610 
21 6002 4882 4208 2293 206 2896 3537 1693 1553 5405 8782 6460 163 1197 7222 7231 4533 9583 2861 5000 2405 
13 4090 8104 7373 3073 6141 6119 6618 5701 5014 943 5391 450 3337 
13 7429 9920 3989 6220 2261 1365 3215 9165 4384 7773 255 50 4053 
18 8310 6269 3160 3067 5636 3263 417 2470 4652 3993 8523 2320 7118 8058 6393 9515 6982 96 
14 7475 113 6329 1625 1313 6563 7434 9037 1349 3513 7693 5968 4002 2378 
14 4008 1794 6457 2520 2495 8915 3915 4301 7697 4204 5385 2344 1266 9359 
22 9619 1860 493 4826 9254 4115 607 1369 7256 2330 4871 2467 3314 9074 5302 1470 3776 282 2390 6773 3237 3926 
15 4094 1815 1773 9274 5516 9464 5352 8530 6967 5444 7221 4682 8264 4925 8006 
15 2247 3104 9186 5036 2220 4907 4406 6345 5768 1283 4487 3973 8841 5639 5570 
10 2920 9670 5237 6951 1246 6584 5478 9358 1945 5271 
19 7463 3410 4583 2335 6536 2518 4410 2663 348 9836 8597 3165 930 2977 777 4685 1320 5384 1998 
26 1066 8189 6004 2626 6922 1500 2577 1647 8671 1902 9981 2602 9101 8014 5933 6848 2229 4263 4515 575 357 1402 4647 7720 7313 3920 
25 4377 8787 3148 9191 9316 326 4705 6856 8795 5241 2304 8695 3981 6268 1166 1348 395 3269 3323 6785 8656 4359 5849 9416 8528 
7 8967 1884 3534 304 940 6790 9663 
17 5497 7711 2742 409 9512 4481 9538 4990 5579 7808 6243 5824 8638 4921 3592 9049 9372 
16 677 9483 3502 244 9133 9089 4209 7857 8814 670 2501 8749 1035 3152 4739 9425 
11 1776 7553 2780 9805 6058 4656 6985 7147 1930 1344 3960 
9 672 4027 7203 6201 543 3256 4173 1026 8679 
13 1273 7028 5377 4225 8856 5678 5914 5962 6367 3088 1772 973 1011 
13 5192 3276 4546 8979 5017 9249 9364 3157 6680 7949 3137 8422 4191 
15 3090 9252 3036 403 6297 4113 9482 862 893 4569 8775 4746 9686 9966 7107 
17 6263 7864 4070 5433 2407 9911 365 1188 1946 2808 639 2837 909 6414 5220 4082 1469 
15 1097 2166 1564 2973 1755 1863 5656 5437 7506 9319 2437 4430 9080 3397 8829 
21 8731 1784 5034 4575 1830 9042 5291 1565 4986 7778 3731 1979 7474 6722 3547 6857 1814 863 4715 34 8720 
20 700 1605 1697 8440 6340 8110 6305 9068 1169 3099 1476 4594 1069 9790 561 4330 4688 2978 5589 2739 
23 5934 3540 2147 2056 4613 4035 6638 4744 674 4398 7837 7907 4677 1589 9143 8007 9333 9023 6617 3139 8281 6923 4036 
11 1192 6739 5451 1791 280 8551 8764 1307 6682 1789 2494 
21 9003 3049 4428 5295 7000 8772 1175 6537 4063 7043 177 230 6114 9611 2373 7368 6920 686 1275 663 2678 
13 1305 8192 7686 3901 4937 4772 1967 924 6939 6542 6833 3756 6124 
9 9927 4544 3285 4272 1073 9460 9682 2995 7854 
18 4644 3866 8236 9546 6570 8506 886 8987 4714 5709 7627 1590 8549 7403 4789 4076 8738 2894 
7 5480 1676 2043 6684 4473 2620 3376 
11 7575 1601 459 8288 3691 894 8383 6171 2299 4876 9471 
19 7957 7114 3092 5621 5917 6601 5679 2110 5514 1179 2037 6619 9029 6281 279 3763 8258 7797 1618 
15 6912 2031 3435 9429 6716 9822 7794 5567 1203 5289 3293 7626 1253 1094 9170 
21 6901 4511 7631 5120 5602 1797 9751 8951 3098 3986 8843 2670 3174 153 6488 4489 1314 2084 5575 9957 6314 
14 4601 3667 4648 6455 2866 5622 9644 857 7077 6375 1670 1770 3331 1165 
23 423 5902 7156 9246 3739 6069 1627 376 3721 388 9195 1051 5481 1981 6839 4128 6743 7743 8591 1345 7397 7605 250 
23 713 4693 6168 5214 4980 9353 8766 6538 8529 7096 9159 6832 3896 1891 9659 2154 67 2850 6816 728 6142 7177 9258 
19 8950 5049 6420 3875 9654 2178 823 772 5008 2924 1309 5134 4453 6519 9879 1905 4730 1116 7504 
9 6381 7287 9412 8563 8263 9278 6679 2582 2789 
20 5717 7451 7248 4065 7442 9202 3775 105 9539 1297 1531 9513 5092 4038 2116 386 3832 3660 3700 1707 
13 7070 9985 6804 4703 782 2541 1152 3811 1368 6059 9302 7482 9218 
15 1867 5218 1146 8188 1779 1364 516 7894 5658 1921 2859 4997 9213 7978 9755 
22 4758 1384 9503 1240 2036 9477 6101 6062 709 1738 883 8164 1643 3135 912 4718 1435 2159 7552 7939 801 738 
16 1138 5562 6503 617 7278 189 2121 4046 7381 7422 10 6447 9894 1964 28 8936 
21 4742 9187 9405 8892 8309 5686 1792 9457 2781 6643 9842 7941 6081 1644 4884 4767 1248 3372 7065 5985 1932 
21 9514 7849 5743 5954 4299 1777 4029 7386 2984 578 3261 9288 4532 8097 3079 7009 800 9337 3045 5763 8170 
20 8518 3257 1588 248 977 9795 7883 7034 5799 3439 3532 4433 8339 1392 1688 9843 6926 5484 6565 7536 
13 2720 6529 5517 2566 4588 7636 3499 1193 8481 2332 3282 1525 1284 
20 2883 6189 3396 9019 2585 4969 8075 1417 6120 4787 2874 6821 4378 4106 6047 7635 6859 9348 7377 5132 
22 5324 6361 1013 3849 8574 2881 6316 7994 5815 5837 7309 294 9408 8864 3584 7763 9479 4136 8061 7331 4874 1446 
16 7861 1414 2106 6547 8653 3542 7922 1061 3469 9934 6726 8475 5561 9224 8068 4529 
19 6277 9090 3910 9944 9524 3026 6399 4021 2160 382 462 7872 4221 3292 8437 467 4100 5360 8704 
11 6689 8564 1855 8273 4073 1041 1534 9988 3980 5383 7291 
20 5445 9649 1177 2537 9179 9681 8191 2126 8998 6910 1679 1715 6806 4279 916 3011 6105 2567 8438 1025 
9 2573 5263 9574 6692 5475 433 4188 9447 1836 
13 2917 6135 6164 2657 856 2731 7809 8244 5039 2777 5986 6854 974 
21 6815 7293 3208 3976 4154 1994 4016 354 7847 8876 9742 1081 5684 1220 3782 8534 7650 6983 6733 6560 9181 
15 4058 7993 212 1430 4587 2776 8094 1250 5910 3146 2099 1383 449 217 471 
15 2297 5663 9731 1110 1620 9687 2557 3992 9994 7091 8616 8725 1538 1535 4373 
8 3608 9557 6587 5969 6184 7505 8810 7974 
8 666 655 7972 9268 5032 3650 3568 220 
22 7929 4781 7704 2422 854 7579 3112 8379 4930 9151 949 7984 4653 9837 3997 8064 9534 7904 5166 4152 8442 8844 
16 4071 4387 166 4761 9297 2333 152 2077 9610 1422 1027 6915 9547 8813 8336 8039 
21 7561 5710 5996 1908 956 8219 330 8445 6597 9505 9912 9160 7296 1771 3661 8177 3123 7237 3856 276 1546 
19 9305 8458 209 9105 7554 3906 7209 2696 6013 5298 7176 576 7823 9444 7101 4710 9442 4165 2236 
25 4059 3697 8736 8629 565 9735 8637 2442 8421 9617 4664 6657 2292 2875 8312 3710 3799 2272 1911 8958 1154 4912 731 6763 972 
13 6377 5511 6163 9248 9844 7142 5532 8545 3065 3201 3551 5747 701 
4 5983 4659 5975 495 
14 3147 2783 5913 8378 1725 4802 7793 5256 8926 594 9706 964 9946 7661 
10 1040 8425 7428 1023 8605 7647 5326 2719 4452 3777 
16 3817 7779 9575 3102 1443 374 8798 138 9379 8918 7389 7205 2631 7024 1289 8632 
16 3549 5858 1995 6255 2605 5012 9527 5409 9466 5045 1523 3974 7764 1541 9914 232 
22 6663 6044 9473 328 9666 533 7226 3220 4645 8245 2543 3394 1104 5864 4698 4543 6861 8593 3078 2190 4745 963 
12 8477 7188 2788 9845 3632 3783 3778 9127 7383 8984 4736 1387 
22 3307 8024 4194 1804 3200 9002 6357 9897 4119 843 3798 2164 3752 3450 9000 6085 5172 5389 5733 4345 3511 5257 
10 2718 1684 9810 9882 3959 4582 4950 8931 3736 3788 
12 7804 5650 8062 2972 5176 6678 695 2244 8415 5778 7917 7388 
14 3167 1024 6190 1886 4456 2829 9330 714 4809 1870 77 4970 4963 4004 
19 6706 7398 7585 6125 9628 9345 7534 671 3952 1660 7301 8401 7754 4085 8627 6600 155 6504 787 
20 5300 3918 2963 5771 2904 6825 2464 2119 1721 2386 5021 4159 6885 2769 4125 928 8961 322 5738 7095 
20 6541 4624 3129 8816 7567 3565 9138 6089 7633 4497 6659 7805 6751 3845 3463 3550 9716 1854 4265 1033 
20 5235 3333 3430 448 2982 9341 3493 1613 7777 8737 560 7501 5909 1448 889 2153 3009 1786 1262 814 
12 8708 3936 5627 5221 3895 5700 7654 3454 7149 5284 4419 3437 
13 3371 1438 5112 1376 9678 1461 5582 2959 9722 5167 288 2256 8828 
21 2061 2233 1635 3354 7876 4558 9065 7479 2434 9458 9265 2290 4895 121 1736 8431 9163 1761 4217 414 3296 
17 606 6952 3758 8784 1508 9492 7342 1355 3364 408 6579 1799 9298 8134 3925 5886 6620 
15 9409 7891 8786 2440 9620 657 7732 9418 1504 1720 1834 8473 4512 8060 4360 
12 8711 5777 7245 9062 7513 7903 2842 7749 8691 4539 2177 7217 
15 9679 1208 3602 4713 3122 4958 2260 9228 1875 6641 6713 518 2400 2265 6429 
11 519 8559 4984 7684 2181 3709 4358 6612 470 2560 4001 
19 1269 3459 69 1102 8682 1106 6274 6279 74 3203 1912 5635 3075 9006 9593 4168 1629 7699 3873 
14 7499 9411 1406 6304 9813 7249 7380 7909 2359 238 6264 4521 841 2102 
19 7952 8459 1955 951 3433 8955 942 1459 7216 3228 3466 9859 9157 1317 5314 7189 7353 4982 1018 
11 769 1228 5441 4607 6452 5442 4985 970 3939 4936 8215 
12 7108 7867 97 3609 2192 7234 3722 5268 2740 2684 8565 9674 
15 6198 8848 277 168 8747 5783 5601 1346 4503 5193 542 2885 5386 9740 7340 
14 2316 3564 6654 7284 6446 425 7812 1096 6683 9376 5004 4518 3389 9865 
23 9140 1630 2426 5890 6711 4973 6352 6969 6380 3958 9156 691 1480 2989 3498 8871 7120 8540 9919 4368 9183 3738 9688 
18 1803 1843 8761 1509 106 8486 5219 6379 897 4634 8928 7525 8225 1702 7788 3489 1666 3519 
10 375 2512 1339 4477 2218 283 6396 9194 2451 139 
20 6831 5387 1593 4164 7102 7337 1222 141 531 1189 9284 9655 3278 816 6406 8289 9152 3266 1749 2785 
10 7401 9925 5107 384 8662 6165 836 5292 6061 4322 
25 9675 6780 9452 3572 5425 3050 1580 4704 3082 7068 2377 659 7680 9623 1603 8624 4357 2945 3894 6415 3052 4993 1382 2996 4572 
21 6807 726 5089 6265 2305 9562 5234 9199 6026 7276 5260 514 7103 2184 6306 2621 5976 5102 7402 6996 682 
19 8329 8739 6765 6550 5662 6927 3669 9177 7629 8953 2374 4019 7164 1781 9114 517 2016 8672 6988 
19 7119 8435 2539 3475 208 643 2966 4828 4638 5250 8109 5692 4777 8400 7007 5216 4280 1827 3599 
21 9325 7889 8323 2975 5541 3816 2000 6261 3315 1985 40 3646 7691 624 1897 1681 9848 1277 6539 4762 8651 
11 1005 3249 1159 7282 1591 2580 6083 9250 875 4694 1485 
20 4214 8699 3068 5732 1729 9949 7232 660 46 2044 4300 5031 8237 3425 6140 6378 3877 7782 6829 7844 
12 3693 2523 9485 6903 3414 2059 8553 7727 9533 1316 7047 2522 
15 622 5491 2751 9130 8324 1282 5062 8760 9155 3948 2478 9554 9335 7741 7706 
12 117 2313 4414 6068 318 802 1963 5351 2939 1831 7330 3283 
21 5086 3655 5744 9109 2754 5495 9262 7595 4798 993 4270 1302 8229 9607 3635 3 5958 4620 547 441 7839 
21 8102 5572 3024 3512 3740 8128 7477 5426 7729 2505 5835 6562 1330 1612 7842 6240 1031 8127 149 6249 7969 
22 8703 9463 4421 3462 267 6764 2060 5228 3970 3451 9234 5064 4449 4111 1924 1810 3501 7879 7046 9193 8314 6286 
13 3855 1332 6752 9627 4665 1000 5160 453 7819 8513 9835 2892 7703 
12 306 6034 9838 3308 9026 6908 6366 4852 2039 6928 7960 6289 
25 5860 2507 4635 4080 210 6615 6048 6216 4749 6280 1160 4617 4227 8686 9729 3085 7414 7712 1012 5411 8212 5537 512 6543 9958 
5 6916 8071 2409 7678 356 
19 4150 2538 9306 7648 3490 4493 1281 9134 8272 7143 3754 6808 4675 4562 7094 9955 6823 4578 2500 
24 9888 8587 9996 608 3541 8133 2934 9190 1845 1232 4541 2930 8300 8610 3621 2206 808 9998 1513 6799 366 8115 6431 4395 
5 5245 9287 6283 1132 6143 
22 1978 9495 3066 656 9064 6398 4585 4007 4880 3482 8667 3930 7830 3570 8186 2281 9361 614 8074 9821 5558 8886 
16 6228 4717 9657 2797 6331 5702 5526 1393 6909 1464 592 4906 8299 3919 4122 7160 
23 3030 2436 8548 482 989 7193 3232 9537 896 6589 3839 8800 6161 1048 6864 9240 3574 9542 9709 1050 7802 6174 6086 
21 7040 5881 3640 6924 3779 2216 6575 39 2291 2680 8296 6134 8746 6235 8108 6712 510 6486 6530 676 1821 
11 3555 9954 1913 8857 4062 4043 7021 6995 4323 997 9801 
21 3444 2828 7210 3176 4794 1518 290 1835 6009 4017 369 6593 6865 5630 2042 4096 2633 8009 2213 9718 2709 
15 4618 7347 5957 2368 8373 8620 5462 9219 7599 8067 7860 1340 5093 8015 1131 
16 273 6418 2738 1689 8832 697 8434 9634 5779 8788 6737 8988 4235 134 5705 1072 
13 6695 3381 846 444 4328 2191 9370 3846 6312 9378 3235 5851 9431 
15 8962 8484 5654 5006 1067 5374 6800 5171 1876 1624 8242 6205 8361 1885 3091 
18 2869 3294 9636 6021 1634 2952 8111 9641 9362 3561 3039 8755 8872 2532 5512 6608 6697 7820 
23 6724 6767 8055 3601 9320 9874 6360 4250 8791 5503 2799 6809 5642 1311 3062 1695 355 5417 5715 7999 9748 7354 9422 
21 734 9052 4848 497 4938 9737 6196 553 4331 8617 6999 8793 1532 8460 7132 9113 4044 7106 2644 2943 6267 
24 5769 1883 5746 481 6430 7172 2997 102 2900 4371 7066 3657 9612 8659 7542 2141 4060 5364 7130 4614 7292 4902 2447 5186 
19 4855 4352 128 5135 7162 5766 2076 6956 4888 8243 2948 1176 880 6974 26 3351 6176 9933 2351 
21 9216 9402 1251 5285 4920 313 9410 1686 1256 4756 8542 8981 7207 5201 6181 5143 2506 4075 6714 7250 3577 
13 6745 6202 7492 9209 169 704 7315 4584 4552 1429 9754 8047 9902 
20 920 394 5721 4863 2825 6842 8034 572 3181 6630 5310 819 6883 688 129 9142 694 3630 8283 748 
14 4637 3596 8774 1030 1326 9104 7075 7762 4167 8511 2844 5810 3979 9295 
9 4887 8504 8126 4942 1988 6122 4144 3935 8498 
19 3988 4877 513 4107 5888 9738 3802 5457 9972 8990 2760 2796 9508 7587 9403 4335 9331 1291 9621 
20 4307 9020 7329 3510 8835 98 8768 2041 3468 292 9570 8585 8413 599 6898 8031 8933 2142 9244 8845 
8 1833 1381 32 6197 2884 1709 3491 4626 
21 4842 5027 7612 3029 5540 9487 7572 4376 4291 986 5724 7387 3531 4857 4496 2125 7610 7570 2854 2325 3367 
23 222 5402 6849 1530 9586 4050 6526 7882 7041 3434 8485 5033 716 8193 5556 7266 9247 3251 5061 9548 855 5681 2162 
21 5885 6740 825 8285 7683 4953 4123 8555 6672 979 8801 7573 8494 2104 4014 5734 7286 7735 6204 1901 1606 
12 6961 9820 2928 2288 1453 6571 1819 8590 90 6326 2793 6755 
13 957 8932 2230 9469 7097 3972 8615 379 8028 5001 9526 820 8077 
14 4894 2589 9691 4629 4205 156 8970 649 6925 2645 2034 8428 8917 9693 
11 24 1838 5371 2654 938 3271 6211 3221 2614 9943 7522 
11 29 3527 7430 6836 7934 7494 8824 7726 2396 1824 2499 
20 1664 817 3334 5699 7710 7628 7759 2831 2404 1846 397 7924 2065 4121 2909 4443 8284 7454 8390 5416 
16 297 3193 7312 5082 91 3746 8895 6596 6203 4899 3449 4810 5320 6707 3628 4801 
17 2944 6786 4450 3194 9561 4441 4302 2393 890 9015 6953 8745 3808 4454 9886 2294 6811 
21 8204 2915 5748 6634 1723 6222 7113 3793 2453 3622 508 7724 387 2933 3186 6810 8881 8997 2279 9233 1167 
7 8088 4709 4856 8911 5262 8325 4417 
16 5424 7318 1447 7512 8968 6313 4074 9056 5040 3967 1328 6042 5904 7260 7871 1672 
22 268 19 661 7446 615 2570 3663 127 5853 5695 4249 8023 6179 8063 501 3847 2144 8993 7265 7914 870 2215 
21 2559 1724 4836 780 3047 9171 529 7010 8101 6491 3133 2898 1045 5306 5670 6495 9939 1604 5068 1502 4727 
22 961 5971 9685 3461 4875 9705 9511 8155 7191 8973 4213 2558 7271 1008 8218 9800 9778 6353 5184 2611 2936 6738 
17 9283 4536 3773 7637 3594 6498 3789 3338 4872 4130 9553 4206 7339 8562 5301 8330 2433 
20 372 2296 5358 3368 718 7874 4137 6402 8403 2075 7037 934 8830 4734 1756 6602 6862 8246 1057 4176 
18 1888 8630 8566 9579 4658 645 595 2673 4559 3790 2901 5154 6231 4312 8010 7753 2552 2350 
22 2986 6502 4084 4196 5205 4246 7690 8093 8609 2653 300 8809 6056 21 9881 2089 724 3077 5502 6137 5349 4289 
17 8520 1651 8328 8348 982 1537 5847 7576 6156 6757 4031 1960 9001 5801 6397 5943 6018 
13 8342 7464 6762 2122 8051 4628 4768 4825 3573 3473 7018 8821 500 
19 8840 2357 7792 502 2167 164 832 2033 85 8493 5782 7873 852 2383 8516 2443 9092 3674 9318 
8 2591 422 7866 7259 7791 7351 6801 1164 
20 1874 3830 8353 6896 4274 826 175 3735 8664 7366 2021 4499 3436 8492 4092 5233 6130 8779 5217 5980 
9 541 8557 4455 4349 3544 5071 2048 4461 305 
9 1194 1959 5182 2999 9761 9232 3904 6583 4868 
21 445 3236 5487 1970 199 4869 6023 3366 876 2867 9229 6921 3757 3027 1034 6609 2062 1926 4804 104 8753 
8 3281 4796 5043 6578 274 1690 3061 2283 
14 9523 2603 271 2455 872 3784 5564 1037 2599 9767 3455 8855 5805 1839 
16 9799 8271 4706 892 4910 9804 6710 1844 4278 692 8748 6043 1065 1999 3360 1780 
16 2008 1227 2791 9401 8448 4657 2916 1922 9812 6696 7090 3828 733 9175 1463 7543 
23 8395 3239 7455 6123 7314 3786 5816 5668 9819 2207 6066 249 4699 7197 7267 947 8345 112 3159 6505 3262 7405 6758 
9 476 7246 3765 1656 5155 8960 1229 3747 813 
16 3149 696 8449 3317 4686 3375 2235 2787 3732 6989 2578 6784 180 216 5739 5281 
5 1399 3701 959 9360 8387 
26 4143 7064 6658 7677 3947 5507 4733 8995 2140 7901 7558 1859 2525 8407 2893 1934 3924 7566 4457 1468 3241 5357 8250 6734 7848 5590 
23 3471 9347 8978 41 95 3453 8042 5267 1239 9263 461 2810 4244 523 8904 1411 4964 3182 1471 4660 5019 3448 8975 
7 1778 3083 9033 9858 1016 773 6187 
18 55 3826 8274 5535 9757 119 6425 9164 4615 6182 7990 509 5992 6874 2413 1572 370 9597 
14 5341 2324 8021 9044 751 5915 8644 4072 7987 776 151 7497 9021 525 
15 9864 4630 8194 3270 1079 5238 6172 3247 1140 2375 4259 7531 2068 3379 3214 
13 6115 567 9974 9763 4786 7940 484 2737 7148 6290 4135 6945 2462 
12 2912 8698 2641 5990 4184 1276 7277 8681 6686 4293 8495 9664 
23 4687 190 9768 2649 4153 4141 2651 611 92 6705 4344 7933 5951 9031 6218 8072 6963 3428 5929 7718 600 1125 1114 
9 2576 2327 5903 1324 133 7062 183 5729 6282 
9 5332 3411 2771 1263 5809 2969 2174 3827 278 
14 5598 2424 9544 7927 4502 9696 3230 646 4689 680 1308 2595 5925 1545 
10 6913 8586 1218 9549 3885 7581 5074 2414 1486 850 
20 4788 6110 2782 9613 9450 6078 8665 867 9132 8214 3905 8159 5901 2438 3339 434 958 4459 1743 6320 
22 4346 4056 6485 109 6410 1655 2856 1386 4914 100 6024 4099 636 1561 5708 4394 3443 7689 4486 9798 1889 8297 
15 157 6843 6735 5553 7548 9849 9789 3509 6581 7707 5587 9185 3913 2398 2524 
9 7110 3057 2607 5247 3595 693 8863 6117 7072 
12 1973 8536 4485 6946 7971 8500 1639 8446 5664 3508 5565 5950 
15 5161 2714 6669 7662 830 3370 6463 1101 1071 9758 4290 17 914 1719 1423 
9 5982 4639 4981 7651 8601 8532 4258 5419 6590 
24 4495 9935 9595 245 4088 6966 2352 4318 552 2979 6188 9027 9077 5356 8033 7508 1199 9103 6234 7192 1953 806 3242 3483 
15 3103 789 6053 4528 3759 5770 4114 9433 8767 9022 589 3233 5274 1136 1750 
21 6160 6884 2143 1267 9286 2639 9182 7682 7730 7745 178 2315 2548 9208 3854 2805 122 6339 3330 1853 5401 
11 9581 219 2026 3603 933 1550 9018 7253 7856 7632 4219 
20 1735 5727 5948 3329 9806 6645 1873 6244 1487 1511 1412 5550 987 2366 2694 9983 1682 8199 8526 3353 
15 6965 3990 3017 7465 3554 7323 6610 1937 194 4669 5313 7538 1566 4850 8920 
11 1866 2717 507 3949 9868 8550 7016 3299 5728 4974 1388 
11 6424 2123 9282 4471 2270 5482 8049 4382 2834 53 5789 
11 2941 8290 3865 3108 3840 415 5557 454 2486 6262 8121 
14 5716 6879 1949 2527 3507 2246 5534 6866 8646 7620 7510 6509 6033 5522 
23 580 1421 3991 7870 3058 9872 7785 3345 6407 1942 3648 2612 7392 4087 83 8688 9884 7507 473 4881 5956 7832 7897 
22 585 9291 6199 5307 6942 6523 4297 3054 5366 8116 6333 9896 5076 1264 463 9230 3610 4692 8153 5052 116 8525 
14 499 4666 7916 6698 8851 4989 2547 9322 4667 8004 6226 5877 6149 7408 
21 8406 6139 4260 5510 4661 7975 6475 1201 6580 2706 120 9478 285 5373 3474 2526 3494 4442 8129 905 8812 
10 2020 7709 5875 4112 4207 4020 6238 9070 7015 2364 
9 2660 4139 5094 9300 5133 4988 4388 5002 3861 
18 5381 1492 1524 4867 2992 7663 4403 9481 2275 5465 1004 1787 6775 2729 8693 7352 6977 8971 
12 7141 4411 3119 6319 2057 7918 2923 399 1882 361 8628 5506 
16 7799 1170 1319 8187 7498 8645 7370 3851 8450 953 4212 7529 6436 1371 7653 4210 
12 8728 7435 6558 5466 2198 1527 5226 4623 1668 7321 8992 6376 
24 8179 4885 874 3426 4405 761 9419 7811 5866 2394 3785 9652 8945 8952 9584 1748 490 3606 2341 7100 809 1933 5984 654 
11 9979 3291 6718 4605 6213 8694 2667 9075 4776 9723 405 
24 3008 7357 1121 9078 4285 2497 266 5674 7816 7411 1631 3675 2107 4800 3874 3216 9785 3470 9136 5600 3101 3567 184 1358 
21 7640 7020 8370 6473 8146 8989 9712 6133 2802 7014 4944 6386 196 7594 3593 5464 3300 1145 2197 3374 8676 
8 6607 8277 8588 7602 3560 7614 6014 3521 
16 9901 8783 3384 9255 4673 8823 4028 9100 9645 8938 9817 6868 5725 7865 9530 5164 
12 7911 7320 9385 839 8521 8173 1626 352 4093 9630 9877 9708 
12 3457 2536 6875 4720 7152 4854 5382 2661 2115 2156 5059 1551 
17 7346 4404 2385 1768 3770 3909 4224 3231 7806 4916 4033 689 3416 9780 9967 9275 9899 
21 3743 7198 6741 5829 5892 2245 8937 3940 6639 115 1595 711 3946 7145 582 8547 9225 4770 2204 4025 5850 
9 3539 2473 6036 9351 5117 9739 4712 72 3525 
15 6456 1372 7116 2401 2758 159 7384 5880 678 8750 6442 812 7328 8680 4831 
20 5406 8149 1090 2957 2681 9289 1977 7239 6132 1494 7445 8239 544 5486 6605 8705 6855 7071 487 6324 
7 3025 9349 5593 7761 833 4557 7551 
13 364 640 5603 7048 7515 7334 8743 8807 2308 4547 4621 5525 8436 
18 873 1640 6336 9475 9952 4879 4105 1790 6104 6437 3121 4009 7807 1075 2340 8729 5870 7930 
21 7229 8209 9556 8382 8338 3680 6454 4913 4366 629 6082 7609 5101 2622 9968 2504 4843 2768 4067 6552 2214 
12 7088 3197 8203 7255 1111 5303 6648 2857 775 3751 8730 5520 
22 489 9207 6656 1984 211 5719 2600 7364 1181 8909 6962 4353 4722 9221 2151 7645 2024 6863 6629 4903 9395 1671 
4 3692 3760 7433 5625 
20 6649 9698 2079 3170 9744 5955 2967 2937 5628 6270 2343 6416 5907 8661 8826 6138 684 7326 3682 6225 
14 2774 902 150 35 4602 310 5861 5140 6873 2955 261 9930 7385 9509 
10 8509 4048 1685 7134 3824 6905 6774 7556 6483 3195 
14 583 3138 5887 3445 1460 992 8642 1746 8228 2445 4625 3399 5106 1409 
20 61 3546 6747 7117 7372 8546 4024 8652 2753 6476 3623 2515 5380 1598 774 8344 6522 9470 7800 198 
22 5343 864 5554 5757 3191 7382 4862 7425 2790 4834 6674 3432 8502 3127 4711 3267 3377 6102 171 9212 4597 2274 
18 5304 9046 6200 8198 3105 2425 172 9180 8785 8595 9357 799 5394 2882 6146 5122 1767 7621 
20 6694 8302 3424 332 1252 8085 3420 1496 3205 137 5211 9826 793 6830 4979 5249 4919 6318 7886 1163 
17 6633 9733 9851 7638 7086 135 5212 6515 4792 4086 2851 8692 4549 9863 2004 6469 6754 
26 741 3168 739 9087 200 8803 483 9135 9832 2732 3393 2362 4195 2314 1338 2040 9724 8017 3295 2345 9072 9697 5577 534 2254 7966 
4 4011 4646 3328 7725 
21 1528 8029 1852 5282 1233 506 881 4171 2919 6422 6237 4347 9388 5317 2546 8304 2956 9774 5675 7098 8927 
14 5222 1609 1529 9871 3694 6178 865 9226 3145 5730 6325 9363 3961 6834 
18 1993 2212 6392 4696 9928 8869 1752 3859 5323 5208 3356 3999 5911 7521 8669 2700 8569 4234 
15 368 8614 7344 5576 147 8510 3496 6157 4550 5005 9043 9292 4032 1857 9945 
17 4586 8447 5369 6296 2338 7438 1294 1331 9900 2702 8099 8160 7630 742 6858 6813 80 
23 8420 6662 945 9559 1904 9144 5477 2250 3038 8367 907 7457 1947 4561 3862 6443 5527 2715 618 9355 2284 1171 3446 
18 1353 6900 5698 720 9382 1503 6356 7211 6652 2927 9647 2011 3465 7516 5513 9783 3391 3004 
12 5091 922 4866 215 8366 918 5999 1217 1078 4567 3982 6027 
15 7355 9625 3227 3624 2035 1820 1428 9141 1255 6625 1822 5243 4429 4369 6382 
7 4467 7557 5952 9964 7061 6462 1187 
22 7877 1512 2784 8410 3022 381 5453 8412 7746 8038 7081 5105 7493 9106 586 9231 3115 6574 5258 6776 5655 8887 
16 4066 554 8073 4233 4482 3605 3616 3807 475 2954 7456 9272 9054 3210 6090 6387 
