12 2581 3636 6963 2 3213 5313 4190 1786 8283 4373 1329 3355 
3 8890 978 5355 
12 7013 4063 7689 6625 4688 4075 7708 6608 6225 3577 7728 7023 
10 8773 4372 8063 6519 5284 77 7802 2500 6525 558 
12 203 8595 6726 8590 1918 8129 2950 1622 4801 2965 2514 75 
17 7270 8187 4163 6751 3498 8551 2909 3672 7021 6799 1988 7353 1806 6590 1906 8852 3324 
10 8670 1745 282 6366 863 8931 5274 3296 4870 7658 
14 6252 2442 1872 2972 1199 594 744 276 2995 7313 4036 2150 5930 3823 
9 2384 7988 5104 1471 322 6552 2256 1131 7233 
14 719 1797 286 7817 8603 4282 6622 1499 4947 8817 8729 4936 4900 3151 
12 1178 1460 8687 4714 3859 2534 6235 6495 7130 1316 6332 4604 
6 7468 252 3389 4165 6564 548 
10 1135 6896 3772 5872 3045 5326 682 6055 8757 6230 
10 3696 2541 4426 2017 8813 6483 2274 752 4155 5820 
8 5137 4301 4550 6798 6117 2524 5993 1712 
8 7227 5701 7507 2960 4359 7385 1298 2510 
13 6031 6338 1256 4213 2810 3798 2099 575 5870 4262 1650 2662 2342 
16 7109 3875 444 8485 4236 8659 5486 2841 1980 5004 279 7106 8873 4572 1775 7511 
7 2418 4034 151 4351 6486 3861 5149 
9 3654 81 6772 1834 3919 6478 220 5496 4655 
15 6403 4602 7503 6056 2397 2444 4343 8289 8903 5520 3841 8252 5645 5605 2974 
10 8227 8938 6281 2231 1920 4322 2389 6827 2428 5194 
12 4679 119 7216 5995 2515 7822 2037 3277 7547 4591 2265 3878 
5 7716 3477 501 5886 6988 
6 2176 6280 3550 5023 923 8812 
14 563 3542 2884 2315 3210 2670 3967 1041 8107 7646 7832 7897 2027 2481 
8 6321 5642 3689 4198 4025 4004 7541 2127 
11 8878 1200 2240 4420 8491 3979 8779 6249 3004 3809 7979 
15 2015 7277 3099 1309 4247 1679 2439 1420 1123 3902 5479 6286 824 3662 7378 
11 3647 4544 2933 3027 6862 3813 7354 4619 1717 3365 2890 
9 3321 1232 6312 1905 1976 6790 2587 2763 574 
14 1105 6771 1862 883 8023 7894 202 592 800 5810 7153 4529 3788 8900 
14 311 7190 425 8237 5386 7065 7205 8475 2461 2451 7418 154 3927 8643 
10 7948 3098 7192 5249 663 2197 7047 5271 983 4822 
13 3578 3778 2164 3372 6181 1681 5475 288 53 8720 1621 2988 4952 
17 7936 8285 2075 7445 1930 1643 1692 4012 6857 5473 4264 7100 4423 8525 4102 6555 8443 
9 6039 6739 7691 2645 4654 2535 6540 6143 591 
7 4829 5650 7907 5513 1058 2091 1151 
10 5991 2984 754 1047 4429 806 5747 96 4579 8052 
13 7913 1 382 4879 1179 6306 4060 7394 4442 2311 8438 1358 2454 
9 2736 876 4979 3212 4218 2462 2494 8340 2071 
17 8758 1527 1294 4872 2640 40 7940 894 7062 2756 4663 3152 3525 5007 4501 2980 4975 
9 7325 8652 1042 8141 1827 814 5427 2081 5618 
14 3580 1689 3632 7337 3169 1352 1415 8895 4800 6090 6774 7447 1578 4386 
13 4435 3368 3866 656 6610 3731 5026 7645 3159 3053 7551 2499 5118 
9 3202 8909 1534 8115 1749 104 5611 5633 7458 
18 1560 5359 6220 3051 6305 388 1660 7830 7592 6864 235 5155 3508 8821 5696 2239 954 4889 
14 474 8370 1986 596 146 2207 5043 7778 5478 8291 7584 5966 2097 3870 
19 549 3029 6922 5662 5690 1902 6279 8820 716 3851 8186 133 8105 4985 8565 2911 3419 1765 3164 
14 568 3354 4588 7633 8097 3854 5583 7788 386 6308 7800 8215 1890 7892 
15 1992 5818 5890 5025 6475 2171 7282 2191 5878 1771 1772 4232 6014 7280 5327 
18 4078 5034 7557 6749 1913 5069 5426 7609 6548 7368 6891 4316 7321 5093 972 745 7616 3485 
14 2695 4170 5636 448 8772 8155 6380 91 3709 4625 1769 668 829 7306 
17 5868 3170 6255 4285 1977 871 3451 7037 6925 5317 4073 5785 2947 2903 2560 2772 6557 
20 2009 3160 4421 8816 4115 8529 1553 5866 8780 6041 402 5556 4279 4168 1566 28 8436 5152 7738 2038 
14 48 5466 3066 4141 310 8257 2694 4330 4843 2431 22 8077 5132 6791 
14 1209 1323 3603 6360 3026 8788 8505 2308 7340 5575 3511 4681 3158 2183 
17 5649 2934 7513 2122 1048 4866 1188 2319 3977 4845 2148 8495 7848 2476 6162 8392 8531 
15 8292 3575 1100 4863 5777 3225 1016 3924 8872 5002 4152 1423 968 6660 5110 
6 8184 5539 4828 819 820 7886 
12 6412 3384 8573 6012 1844 8288 5061 5877 6763 1163 1554 7060 
10 3358 6247 5154 5122 4620 449 803 4560 8399 8202 
18 2735 7849 7230 493 7574 1729 208 4318 2585 5853 6719 6333 5941 5630 93 2765 4483 6079 
23 4379 6786 5285 2305 3565 7628 823 1324 1331 896 7746 949 3146 3790 3271 8901 3536 2437 4730 201 3283 7997 717 
17 7399 2335 1010 1246 5952 8664 5201 1461 2829 4096 3595 2595 6874 8513 3374 6429 7396 
22 303 2714 1030 1054 95 4940 2473 2831 115 4623 6161 2206 1264 2034 1308 90 6855 7504 94 8905 6370 2811 
12 8578 378 6163 3843 1639 4734 8826 3645 2501 4543 7635 1546 
22 6670 1024 409 6293 2250 5366 7730 1738 3675 7812 4224 8446 3269 3449 3251 1253 6264 7072 4732 7590 1505 3552 
23 7956 8715 5748 5120 3783 1601 881 8555 8228 374 2477 1101 2907 2958 8598 1741 304 537 547 8583 6906 8875 2092 
20 3629 2738 7224 2216 1873 8795 1587 1721 8827 76 3135 3443 5385 5032 4430 8863 4754 6628 2487 3768 
22 7005 2123 1260 1723 5351 4913 4171 8118 7729 2809 2885 1791 215 2498 6953 1236 3630 3935 7121 6001 878 3822 
17 1515 315 8040 5593 92 1937 8014 5250 7806 1012 1416 6542 733 8669 7405 1990 4361 
20 1757 1438 5990 2784 7792 3991 1143 2482 4594 1197 4472 3428 7220 8616 1050 6714 6996 1171 5840 8417 
17 5693 3424 4349 1755 8042 7811 7555 8018 2648 342 8534 7650 5384 8068 2739 4175 588 
17 4309 7198 3067 2783 6058 7246 8245 8809 1431 7763 3925 5184 999 875 227 7767 2493 
10 3253 2717 7668 2304 5116 7501 7760 103 2420 8196 
22 7657 6123 4935 248 975 4020 415 8504 2385 2355 8851 8099 5879 6451 1946 5523 1914 3686 2284 1853 3598 7240 
13 5018 8306 2919 586 3761 8764 5464 6102 6105 7071 7974 7622 2820 
23 187 3918 8449 8440 7666 2982 381 2852 5050 1511 8782 1302 7770 1799 6883 4085 5278 7560 6995 870 6754 3336 7295 
21 5970 1227 8224 8133 1963 4139 1762 2160 3785 8058 7915 3811 1464 6605 1876 2762 5904 1999 1672 339 3897 
19 6466 7064 627 3557 98 7534 4371 6907 508 1820 3673 8017 7651 243 1235 1486 5524 2549 3171 
20 8640 6110 5510 206 6645 6356 4403 7642 584 7562 5076 624 2935 3877 2344 6565 1072 748 8704 3771 
19 2465 7455 6747 8832 4867 3966 4297 141 3205 353 8239 1368 3221 836 2204 3391 1409 3412 8041 
11 2519 554 8425 513 6430 3537 5228 4749 7632 4055 2918 
15 1315 7320 3459 1564 5347 6352 6538 5453 5913 2445 3356 2215 5607 6554 570 
21 3442 2899 7446 3680 2323 3057 6643 4415 6587 3278 6104 2063 4219 2116 1516 3567 855 5984 7063 647 2666 
13 1563 8146 7309 3429 8560 2842 1568 680 6692 5862 2644 8679 5288 
17 3607 658 442 8157 3083 8653 1491 5036 1537 4930 4792 2359 7573 8450 641 125 5546 
17 7862 439 4986 8506 715 5062 8928 7967 991 2218 527 3139 8387 7619 7095 1183 2868 
22 837 4706 6206 7430 6710 7994 348 4593 5400 4584 6746 808 4856 7231 3323 7999 7016 1444 253 6736 5595 5115 
22 5440 3249 328 8784 3375 5234 572 6132 1968 8101 3203 3133 1875 5725 1688 4916 5016 7024 8247 1666 4252 2403 
15 1335 1860 1218 4838 4021 2796 7630 7620 5172 183 6813 738 6267 1596 2668 
20 3055 4084 1843 7494 1281 8806 8263 4944 4159 1198 6211 1513 5651 5308 4993 8539 6204 7854 4960 6611 
20 2135 2538 1121 41 6413 6647 6638 1436 7143 5356 7474 2086 4499 8911 5786 3351 155 1033 8885 5772 
19 4839 3410 1013 3891 730 4246 1580 1046 6463 3505 434 2213 1345 6205 7417 8567 2282 344 5111 
11 4494 7927 935 4656 7682 4607 5405 6491 938 4557 8294 
12 4948 6718 6591 3735 2874 6165 4942 732 1035 3926 7168 3209 
18 4525 4877 6756 7975 7874 4613 8298 2732 5045 979 285 6389 7259 5597 4369 6124 5336 5997 
15 1900 3276 945 4006 4485 2048 2882 2729 6779 3009 4632 5349 1119 6532 2232 
22 2949 3596 8629 6473 989 3666 5783 1845 5088 2652 4559 8864 2468 5794 2959 7286 2956 8512 8161 2295 868 5331 
18 84 4836 950 7479 5695 2330 1282 987 6179 463 7823 2051 8545 1649 7454 6755 2871 1657 
10 1543 7464 7034 3896 7764 7362 6712 5186 5490 8318 
15 7928 4511 7373 7934 7922 1487 990 106 6248 538 4787 912 1840 7482 3353 
13 6822 6740 5089 3566 6119 3732 4317 5635 8284 1933 6777 8231 3890 
14 5299 1406 842 332 8546 127 6910 8638 536 3846 3501 5908 4417 8388 
23 2571 6502 5948 5540 5712 8682 2787 6182 8761 3434 294 396 5824 8103 7164 4698 122 4100 8006 4835 4847 3401 5414 
19 3869 6849 2642 6634 172 6762 7411 1250 7629 6659 3496 7920 7624 3661 7904 1538 2913 7771 8561 
16 2356 109 1251 839 4003 2041 3270 3663 8553 2374 2205 4464 8335 2785 3519 2889 
16 8175 2531 4260 7684 6648 2612 6134 4628 2607 2923 3625 3316 6442 3299 2709 1413 
11 7965 4056 4781 2915 1339 2693 4565 6504 8221 2832 3587 
28 3156 3640 5746 8448 2425 6316 4854 6814 704 2930 2394 4696 6344 711 3211 6103 6696 4899 7935 5704 7978 5558 8442 701 8651 851 1432 520 
19 2432 1332 6239 4807 3036 5433 1733 5994 6081 3930 1709 7167 4675 8004 3077 4770 8544 1998 1919 
10 88 4027 7856 4515 2850 694 4963 7388 2088 2701 
16 3708 3112 5033 1541 2766 7389 2740 4893 3894 1031 17 3756 3360 6030 1214 6691 
15 5335 789 3989 1233 266 2180 6089 97 3465 6156 7015 5243 5456 2572 4436 
13 6783 7114 7428 6125 35 4376 6686 5094 370 6219 8496 8172 917 
12 768 3729 1700 3547 6184 5767 4660 186 8081 7839 7400 6935 
15 6002 1002 1508 2527 5713 1110 4884 7749 7222 3285 3293 1435 4518 7522 628 
20 4090 7585 4629 6425 2105 4326 8597 3839 2220 7805 4046 1960 7857 8814 3593 8140 2175 1789 6511 1083 
9 7429 3826 4184 7000 5071 7392 2102 2466 4448 
20 8310 3257 2649 951 1272 6222 2696 1109 5031 4775 1790 4072 7542 7149 6810 5502 7330 5416 6860 7367 
15 7475 5971 4223 4848 856 3341 4302 8067 8359 3395 5183 3704 1373 478 7851 
23 4008 6656 5856 5732 7787 3807 475 772 2675 7903 3622 2568 30 8760 5901 779 4582 283 7521 1932 5754 1623 8117 
13 4094 8192 5287 4853 8562 2722 714 405 4173 42 1719 3955 1975 
19 2247 2742 6003 2261 2059 6597 6422 1168 1476 163 2040 4840 3753 6042 7265 1901 7844 7838 3713 
19 2920 3527 1995 4065 4862 2360 5021 2898 5323 8150 4263 8428 3256 4805 3455 2991 1707 1092 3794 
14 7463 6139 2523 6202 3816 8219 1175 8824 5188 1463 6811 2687 1673 1744 
12 1066 6418 864 2346 6476 6820 257 2854 5421 2615 2010 1730 
22 4377 7028 8328 1326 2000 3370 6216 3181 6359 244 8266 8662 6683 2228 7587 4810 4878 2685 3483 2728 4026 8065 
21 5497 4536 4255 8348 4869 1346 1355 369 6904 5933 1292 2846 395 1907 5042 8074 2299 4982 500 3081 5165 
20 677 2313 4693 3601 6307 8464 8791 2600 7912 8667 1458 4561 275 8126 8916 684 3650 1654 4166 7432 
10 1776 6208 2904 830 7581 1787 487 4748 7294 7050 
19 672 3697 8376 4164 565 5663 7075 4617 2089 2621 7755 5999 8692 5420 7177 213 5789 3820 5648 
21 1273 1605 5698 5920 5156 8191 7134 137 6579 2025 5373 4204 639 1822 2978 1604 5157 7591 604 8002 2050 
22 5192 5721 4107 5620 559 5837 674 2290 2875 6067 8072 6437 2078 4992 467 8246 4276 3628 2334 3000 4030 5325 
13 3090 4984 3510 3462 2916 1693 4469 3691 1770 6697 7674 2646 2158 
19 6263 8158 6536 6474 5495 1239 2797 2260 8869 4937 3476 582 2863 7195 2793 3503 1828 5736 229 
21 1097 8783 8073 6265 5888 2577 6048 4764 2434 7275 8610 7724 5959 6880 5133 689 7007 232 6176 7914 1018 
12 8731 3193 6966 6188 3648 4105 7267 194 6038 4682 7621 8135 
20 700 739 8699 608 4720 4029 2217 7636 7383 138 7647 1592 3340 5139 6778 7962 7076 5850 6229 1687 
9 5934 4387 6053 1518 8521 3560 1348 8828 1713 
7 1192 8367 6642 5692 8344 3796 1545 
8 1305 4796 5803 7734 4925 3136 5103 7670 
11 4644 1994 2556 1595 5099 6930 5975 5587 6385 8907 4240 
15 5480 7232 4634 5569 1470 2332 8516 4487 2364 4881 1857 3352 2283 4039 5680 
14 7575 7847 4406 6036 4718 5072 3011 1357 72 7875 1469 4370 2367 3363 
17 7957 3579 661 6192 5158 1922 2924 4690 2938 4651 515 3573 3141 262 7322 2816 7623 
15 6912 7690 709 8324 6426 7604 1037 8511 7497 8842 841 8280 1265 7360 7376 
8 6901 2426 8351 6517 8644 5739 4500 620 
17 4601 7293 1959 6836 2937 100 1613 5780 6391 1753 4407 2062 5220 217 6490 7012 4385 
16 423 6529 1697 2780 846 6515 1725 1424 2546 112 8811 2611 786 3960 8930 5109 
17 713 1372 6200 57 6238 6956 862 2373 490 4669 7570 7944 7853 7549 471 6432 7519 
21 6381 2512 7631 497 2999 8876 3513 6893 4441 4802 1069 5534 4667 2737 889 1670 4621 8920 787 4238 1616 
22 5717 2143 5535 69 6575 1910 3940 1182 4331 7169 7924 6808 8624 3295 3161 6122 7273 7958 3912 8233 2676 8839 
9 7070 3294 3951 1146 8605 8431 2378 7439 4612 
17 1867 1773 7117 2132 761 2799 8353 5170 3751 5134 8225 5314 4906 7718 2016 2269 5330 
22 4758 7612 4112 7097 330 8785 3952 64 3981 847 8444 7296 2526 3494 357 8169 2325 3484 6572 5568 1615 110 
23 1138 8055 3403 6567 4957 5660 2979 8378 8220 1644 509 2043 281 1411 5730 4549 8673 5956 441 3446 1925 226 7003 
22 4742 2828 6877 5425 4980 7226 665 8831 422 4880 4119 6374 7680 6699 5801 8470 6861 4032 2285 5570 632 4239 
22 8518 7993 1142 2896 8419 4024 4017 1494 175 6999 6379 7998 8807 7266 692 2244 6858 6612 798 6077 577 2484 
19 2720 7810 965 1655 32 4652 6618 3227 1521 4532 8904 8871 6581 4898 1340 7653 1485 6787 3900 
9 2883 6884 1804 1000 8051 7536 3214 2517 1401 
19 5324 7188 1206 3938 380 8585 4130 3754 121 3421 5462 3635 1130 6940 7331 6923 250 1780 8771 
14 7861 8302 3910 4502 6069 8637 1201 39 4756 4278 8815 5979 1154 1190 
13 6277 5615 3024 47 6744 7276 6562 8160 2636 2580 887 835 1442 
11 6689 3655 2520 318 3605 2997 921 8596 8906 3659 521 
9 5445 1855 3624 1277 3674 2719 1025 3060 6227 
10 2573 292 5083 1551 7018 1291 8390 1165 1237 5084 
10 2917 8459 854 3615 8421 531 6753 3070 2895 3472 
17 6815 3651 233 611 7014 2156 7366 3450 4685 6447 6743 510 6530 4517 8623 2222 1108 
18 4058 2026 2518 5054 7882 6570 4249 7715 2174 4019 613 2945 8264 4144 813 4831 5215 5542 
14 2297 1835 5632 1944 3874 3216 1967 2633 2837 8822 3061 3452 3582 2149 
12 3608 6985 272 1603 4608 3699 8153 4345 3736 941 4945 7242 
9 666 4558 967 943 1283 4289 8354 1632 3711 
14 7929 6199 3849 1067 5847 2713 5880 4135 4188 7917 5827 8013 1370 6351 
12 4071 4520 2181 560 1051 4114 6443 736 3137 8437 1284 3943 
11 7561 6190 7315 866 1286 5396 7292 5963 309 1451 6531 
23 4059 2603 6558 6455 7876 3220 992 4643 8190 2187 5951 4227 3258 8620 1896 5658 4473 4489 6339 1094 3568 1821 5 
5 6377 7209 6960 5512 1243 
9 5983 5679 37 909 5000 198 6637 3059 6887 
16 3147 3108 5962 8243 4244 1176 1539 6987 6085 6397 4912 3747 2936 8003 7721 218 
23 1040 6493 1267 3050 7567 3885 6023 5437 3418 5792 4776 7564 15 6223 5804 8775 7782 8165 6149 7032 3916 6303 2826 
19 3817 6361 8630 6752 8207 4920 5719 2178 4585 225 2404 7066 6583 4125 2396 6131 6054 2257 393 
16 3549 726 4910 2881 2651 8259 1686 1746 7761 4045 2948 2548 4539 946 5573 7815 
14 6663 3049 6004 5090 1550 7698 4709 6026 6716 230 1393 2835 2177 7250 
15 8477 3236 4624 718 4410 4914 8530 3315 7457 1299 1752 8402 4715 7238 7550 
21 3307 5387 5295 8536 3114 657 2128 4398 4939 7415 3765 2241 8627 3267 589 5357 7583 7661 7921 8776 1732 
11 2718 4007 6641 6821 7090 6325 634 619 7725 5333 3023 
10 7804 8615 5372 8599 686 7217 974 8927 2030 5022 
10 3167 2436 2751 7809 7866 4919 8258 3397 3074 3516 
19 6706 8566 2657 3786 5955 5212 1863 241 7096 120 1695 4921 3115 3856 4067 2279 7408 3332 6259 
23 5300 7889 1489 8588 6825 8854 6066 3829 8500 1117 2622 7120 953 7262 2859 1310 1761 6142 4874 5796 2381 8045 207 
23 6541 4661 601 6842 8034 7019 5579 178 930 5221 7614 5306 3174 4378 6444 5102 5763 2552 7982 5195 7155 2199 1498 
24 5235 1113 128 5205 2399 1949 4639 867 8798 5770 1045 1981 10 6728 8177 1668 6733 6318 385 7820 3342 6667 1405 1764 
12 8708 8149 4635 6296 6021 8253 5001 2684 5705 6803 7420 5412 
12 3371 1381 4636 2125 255 6513 2990 539 2254 5590 8439 3634 
18 2061 7210 6951 7243 6000 4291 6357 1061 3228 3039 5073 6908 1387 1266 223 2242 7945 2489 
12 606 7709 1651 8274 1313 4450 5724 1886 2291 4433 8727 1629 
14 8711 7312 1768 384 1417 2601 8650 6290 1854 7819 914 5687 609 5114 
21 519 6044 7677 7102 7579 4587 3721 8882 2044 6331 7532 8857 7142 5532 6415 3266 2433 6734 1388 6256 6937 
21 1269 8574 2686 8937 169 300 7933 147 6178 1330 7898 5301 1590 1307 239 3101 2189 5729 4122 8016 1548 
20 7499 8029 8323 697 1252 8768 5815 1441 249 5514 4209 8109 561 3474 6730 4590 4746 3913 6382 1400 
22 7952 6329 2626 2056 782 6480 552 7256 1583 5070 7081 7843 7483 8688 5537 1314 8841 771 50 4395 5863 2483 
10 769 5858 435 8554 7685 5914 3364 2486 8422 8394 
10 7108 2412 5074 6226 4647 2414 1824 3376 760 5010 
8 6198 7319 4471 350 7720 3920 8478 2872 
15 2316 4411 6927 7197 8182 2065 3592 1394 4692 3235 1371 4535 6282 3246 4465 
9 1803 5668 4724 6094 6677 4211 7525 5985 2700 
8 375 7284 3530 6793 5289 8047 8628 750 
6 6831 5358 7196 2887 5864 389 
21 7401 1512 2511 7637 615 506 6580 1459 1211 1455 1004 7754 4701 5472 6234 728 171 5506 7175 4771 6972 
17 6807 2079 8203 6550 8173 7816 2011 8038 6868 7422 936 4562 4290 940 5498 2542 3515 
14 8329 5371 7759 2547 6838 2229 7842 6231 7781 5292 2721 2619 7500 3852 
13 7119 4070 7643 3584 8799 3121 5470 7298 2994 3682 1941 3320 5638 
20 1005 6735 3830 3453 3493 5382 5861 1257 1338 7490 5040 8547 11 274 3438 5722 2892 2350 505 2496 
15 4214 5487 5214 3200 4016 8796 3468 1027 7654 4312 4217 809 5552 1885 6834 
16 3693 2422 7085 3795 8079 1496 4503 254 2192 3946 1466 8746 7949 6708 5067 3195 
22 622 902 5626 6392 3232 6705 6639 5087 1779 4871 7234 2023 6722 8926 6363 2861 3072 1743 3331 8844 6072 6980 
15 117 8458 3068 3191 3119 5263 5622 7506 8494 3300 3262 1351 7371 3244 2858 
17 5086 5881 5227 3104 2455 655 4205 5409 8300 3247 1364 5567 3827 7538 4765 4222 743 
22 8102 6457 6245 2440 4953 767 6270 4355 6416 1008 3750 5039 7009 8261 4547 6833 8621 4460 4461 1321 1856 3670 
9 8703 7398 2401 6527 7078 450 1618 884 1766 
24 3855 7435 1984 8713 7372 7867 3433 6034 8236 8094 3062 5465 3394 7793 1638 4043 2137 5958 1065 7505 8946 6337 3730 5509 
5 306 1181 67 7655 4727 
12 5860 3936 8368 8793 4167 6240 8745 5052 8689 1446 4333 3764 
21 6916 6767 2928 3017 6340 3047 5187 2954 4477 1523 4699 5915 8229 2248 2141 6462 6129 4237 7930 45 7258 
22 4150 5875 530 933 8059 6261 6989 5279 5910 6367 8645 1271 6571 7900 5417 4000 5778 8569 4452 6709 3801 7304 
19 5245 1869 956 4028 1106 4744 2661 3261 4989 4773 3997 6140 6824 3328 3447 2109 2582 2236 1385 
22 1978 3976 2539 2605 5511 8188 1349 4256 2110 8316 6915 6905 6684 7384 7707 3016 7939 184 305 3881 7890 4603 
16 6228 8932 8548 3541 7236 2981 494 5100 1956 3992 6543 6033 8889 1851 3383 827 
24 3030 4437 5887 5816 3319 6969 7665 2320 4858 2054 1096 7145 8007 7363 4988 6939 3201 3489 1850 1796 2943 2003 6309 4738 
22 7040 6485 5112 5369 6942 5602 895 3993 7043 8737 1062 3373 4491 485 8819 2513 8108 4997 7528 3982 605 3132 
23 3555 2589 6875 6711 7737 1634 4035 6313 6946 5014 3646 2906 5907 880 5041 8755 8549 3241 8048 7706 5196 5585 4827 
24 3444 8213 6924 1530 1186 164 3701 3802 5457 5008 2453 7301 6757 4772 4566 4747 4136 5233 3406 6556 2563 25 1816 7925 
12 4618 8290 200 5957 2754 1222 7162 8523 553 6297 8730 473 
19 273 394 2357 211 5240 6703 6346 3694 5610 5329 5092 2844 173 4970 4323 8526 7703 5706 2860 
17 6695 1228 5060 4233 8719 6272 1391 8312 2402 8767 4365 495 4626 676 6545 2303 7736 
7 2869 8262 1177 2825 7433 1842 2672 
23 6724 3409 277 3263 417 2856 3906 6652 8112 46 4356 7769 8407 2921 21 5664 5364 1229 3237 6561 8181 7247 5826 
18 734 4414 5507 210 7442 986 6274 4384 4270 550 8033 7627 2375 3470 1132 2039 8000 4548 
22 5769 190 7846 2690 4404 4938 1474 1422 5764 1979 816 2804 8646 4002 5097 6522 812 8360 7723 4389 3888 6577 
10 4855 7444 161 4470 1819 6830 456 3013 2162 1007 
16 6745 1904 6484 3867 7984 8296 1589 387 7407 3534 7288 5484 8476 5383 4001 6894 
16 920 7687 3329 7648 4405 354 6809 7595 691 7576 5452 4722 1612 1774 2951 815 
20 4637 6658 4455 4154 8868 6615 2781 2927 4099 1160 1480 6106 3163 7077 6047 6863 3234 8336 5802 4961 
9 4887 7558 7189 964 1382 8763 420 2155 7919 
28 3988 567 7104 3865 4228 5182 2245 5674 3215 7808 8542 2108 7931 5176 2281 7594 6713 7865 5992 5191 6609 5625 6707 5360 6324 6347 4740 5078 
10 4307 6780 7512 8563 4147 4614 5793 6636 6091 6214 
9 1833 5113 5049 8462 1240 3230 4089 4818 8632 
20 4842 7156 2293 5996 8803 5566 7663 7692 3124 7118 3770 8486 7334 3031 5559 4212 6982 3178 528 5281 
10 222 2166 2566 23 1509 2104 6452 4851 2620 687 
20 5885 699 2782 1997 6742 4615 2613 1169 3986 2565 3782 484 3308 4533 8693 5981 5309 8121 7291 7200 
10 6961 8557 3833 4493 1555 5909 6854 4817 7973 7027 
19 957 8736 4815 3594 6526 8176 2790 5684 4496 1715 4711 5353 5561 5258 8248 7932 1017 7893 3497 
21 4894 1414 1734 502 2497 8681 5656 529 660 4664 5193 6283 4397 4113 1531 8661 2309 5694 8325 6006 1114 
20 24 5727 8426 4761 4250 7239 7901 578 2270 3469 4689 3079 918 8917 8532 34 1611 27 5893 2569 
12 29 1838 2147 4528 636 3757 3282 8601 6020 2678 7302 7695 
10 1664 5903 5576 916 8833 3738 8829 7201 3385 7858 
21 297 4546 2198 2382 1627 6512 2745 843 8413 1831 1392 4642 83 4964 7125 2634 6928 185 7345 2018 1704 
18 2944 150 7382 2464 1557 942 853 3507 8801 3231 2154 1702 3065 6083 7285 116 363 3312 
10 8204 1376 4819 6602 7735 2068 3521 6372 7961 1397 
12 8088 8037 3127 3610 7807 5529 6436 6604 1572 139 6938 8846 
18 5424 3362 4064 6589 74 3305 5700 4293 6800 8502 3959 5117 6970 7402 7179 1057 6169 179 
10 268 7287 3092 284 5226 833 5548 5106 4573 3563 
22 2559 8787 7704 2230 2112 5678 4806 4990 3290 2543 514 6727 6596 8064 8460 742 4567 4521 6469 4053 6869 1049 
14 961 3311 4830 6503 1245 2578 8695 4888 6582 6681 4736 8656 5832 6651 
15 372 8024 428 984 8111 3974 612 5143 1818 1964 6776 3873 3599 6154 5053 
17 1888 5743 1319 7448 3173 857 8540 8212 5180 6816 5320 1926 5136 6675 2419 7855 784 
16 2986 4048 3398 2343 2095 5481 4121 5340 6353 5689 8471 4902 8039 1449 160 3504 
21 8520 3208 3317 1223 4225 5756 5169 7777 3531 4068 5998 1532 2710 8383 1519 149 545 6376 3018 347 2801 
20 8342 8021 720 4088 5627 8445 2771 8272 2525 1259 2264 4087 2438 581 2087 7741 7377 334 3639 3953 
18 8840 2106 1955 1685 2551 7732 454 4195 3155 4031 5919 5411 4335 7871 8015 7966 8162 2202 
9 2591 7010 1073 8304 7798 534 7419 2894 4381 
19 1874 5757 5838 3746 6932 7569 8075 6848 4821 6406 8136 7879 4368 361 6560 6289 5905 1678 7775 
14 541 3760 3366 8481 2042 4272 683 2390 8199 4762 7107 7995 6720 1089 
12 1194 3947 7434 5503 6251 8571 6157 1078 4258 3076 6362 3705 
21 445 7180 4575 5621 2060 7342 2126 5844 886 4895 3767 7672 6488 7351 5565 6977 7098 4360 1696 6666 4708 
20 3281 3758 3188 1830 640 607 8412 6197 352 6386 5208 1071 3 1342 433 214 8143 6847 1375 7212 
18 2008 817 1635 6765 5699 1785 4497 8918 1591 695 6459 3359 7531 1136 4234 7976 7656 2380 
11 8395 3333 5572 4673 3921 8766 2939 865 2876 1763 3223 
11 476 751 1756 8933 5482 2190 3961 1839 735 7887 5199 
8 3149 1170 1529 5344 7837 7872 3491 1889 
11 1399 7245 8935 693 3495 4694 6802 4505 5448 6661 1737 
13 4143 7140 8484 1630 6851 5017 4941 2184 4454 3242 3091 6037 5365 
23 3471 8848 2975 5541 2537 1430 2352 7191 4966 8694 2505 4857 3466 959 4981 1747 7094 7326 2567 801 5882 6471 4678 
16 1778 6818 6971 3657 6674 3085 8416 5256 8883 7462 3748 5166 731 43 4439 1333 
21 55 8739 7249 2338 6729 3435 646 3904 2121 2035 4767 7339 8366 216 2237 4382 2093 1011 7675 3506 631 
20 5341 5027 3334 7602 7323 982 6009 7916 1433 7103 7659 1389 2599 8268 3392 1275 5019 973 4051 124 
22 6115 1609 209 4153 6903 753 3949 6630 5702 4449 280 5268 3963 5442 6326 6187 2348 1533 5175 2688 2459 5677 
11 2912 3614 6764 3824 4394 3660 2263 5921 2733 291 6568 
20 4687 7379 7683 7203 5422 5374 2377 6593 2558 7207 2366 4456 8345 4092 1597 7137 8060 8241 8896 7578 
16 2576 1794 3779 3199 5892 5352 8642 8273 4400 4300 2702 1561 6885 2082 8330 6431 
9 5332 3058 3793 821 1140 3714 4082 850 569 
15 5598 2641 5377 7453 1846 130 3509 2383 614 3828 7582 8845 703 335 1957 
17 6913 7116 8198 3116 2654 952 159 6237 1943 8830 4062 2931 5391 2400 356 766 5987 
12 4788 7768 4207 4658 5830 2173 7048 3621 5059 1075 6626 5119 
22 4346 7020 5771 4973 6244 7041 8804 6832 1620 599 4074 6775 1317 4357 6262 3968 6975 1567 2405 7598 3538 5363 
22 157 4873 5307 780 3082 8742 7171 6962 8164 4677 8401 4564 6345 776 3339 2024 958 512 4468 7124 5463 2111 
9 7110 1263 3404 7510 7520 2632 5419 8498 7747 
14 1973 507 1942 969 2314 2893 4358 518 1525 600 2214 4684 4334 1249 
22 5161 5654 8410 4705 2635 7211 4123 7278 6657 2072 8945 1429 3752 6059 2151 1029 6897 1145 996 8810 5181 5945 
11 5982 3958 6873 4251 3613 5728 5525 2873 1711 6400 681 
12 4495 2424 7357 1588 2758 649 8009 2532 3413 2996 5164 205 
17 3103 3540 3461 4665 3602 8093 4659 2653 6196 5444 4892 6387 3939 2186 7160 7031 4719 
14 6160 400 8346 4202 2731 1626 1220 6167 5216 2358 5852 2545 264 7607 
11 1735 2536 1363 8835 4666 6399 7025 6619 4210 359 5828 
19 6965 8792 168 3554 8194 645 617 7150 4965 3425 3007 5582 4033 5350 7556 4597 1164 2555 2416 
20 1866 5710 4833 199 7174 832 1079 2673 4798 1947 3905 8743 2179 5171 4248 6926 2142 5589 2485 5518 
17 6424 2838 1023 671 576 1598 4266 5005 2614 293 414 1945 8738 4674 4478 6215 551 
11 2941 4717 2967 4328 3623 2246 4784 8334 2851 7046 6018 
11 5716 3667 5441 2802 6920 238 6574 4280 3387 8427 3638 
11 580 8892 3490 7909 2395 78 256 4978 5950 1836 6687 
5 585 2212 5135 7678 5943 
10 499 2639 7456 6319 2467 365 8550 4868 8672 1936 
11 8406 2053 7263 2596 7790 5986 260 8357 7486 1155 7139 
13 2020 1883 5954 7086 3585 5477 633 4713 3122 180 1383 7056 3810 
10 2660 4605 4486 7615 6679 6948 1782 8922 3526 5505 
15 5381 6135 166 5006 5711 849 5241 3482 2430 8134 8855 7099 8936 5339 2029 
21 7141 7186 874 7662 4704 3345 189 4834 4653 1104 4221 4768 4443 366 5600 5259 5577 3700 1187 6086 6759 
17 7799 5213 3773 1276 8338 511 5779 4329 5526 6116 5389 8127 7699 1068 7608 4946 162 
11 8728 5237 4200 872 2602 897 8027 5305 3154 4325 3481 
18 8179 5500 245 6076 7840 8151 1325 5064 929 3075 7006 4569 8881 6130 5217 5980 8805 1648 
22 3008 6410 1908 5303 2140 8167 6871 105 7187 3909 193 698 5247 7101 6629 6829 2789 5522 6528 4187 7852 1347 
21 7640 4208 212 1628 6402 2857 5603 1297 4206 7381 4453 8741 3606 1624 1501 1953 6539 8170 3361 7652 337 
18 6607 481 3475 6498 1365 6336 3685 2680 4353 3570 8293 1897 129 5080 2682 1124 6276 3804 
13 7911 2788 5516 7572 4646 4969 678 1322 8314 5681 8347 2124 496 
22 3457 2748 8902 977 6141 6078 5557 4274 8800 6114 5380 4014 3948 8748 6396 5098 3553 1053 8317 7333 4201 7443 
17 7346 3915 1081 8244 3157 2021 1320 6888 1783 3052 8049 1727 4974 3777 8522 8944 1916 
22 3743 5491 6669 3717 3972 6886 7068 5260 4552 7271 6301 2272 793 3847 7091 5733 3551 1535 4176 4526 5128 2616 
8 3539 5238 8749 3962 3844 4932 6510 6371 
15 6456 1593 6327 4733 4101 6101 3102 2665 2275 2045 1710 1716 947 4793 3337 
21 5406 3197 5517 1221 290 8128 66 6062 8373 6218 8193 6866 8307 8705 6682 261 2004 1989 3707 3684 6315 
18 3025 1637 2711 6409 4050 2235 7492 102 3439 4971 6865 4523 6146 3973 905 7543 3006 4524 
14 364 6454 4117 7726 3454 7148 2341 3893 3763 6025 7786 7969 4514 5759 
13 873 1111 7176 4498 6909 6120 1656 7599 8343 5925 2354 654 2448 
24 7229 7082 4194 7406 4299 8747 8575 3818 2480 3524 6460 5211 1584 5140 399 4093 2159 859 8250 7797 6314 7272 2085 5286 
15 7088 3148 1970 8434 4481 1465 2119 6805 8860 7316 4924 8026 4340 1344 5807 
16 489 2324 2791 5189 5554 7580 2036 5107 3054 8030 6213 3609 5899 773 7237 7517 
22 3692 1090 8786 498 6856 7535 4541 8028 5160 5105 1934 1396 126 7529 8061 1125 1740 3590 2012 5823 5468 1950 
21 6649 6189 2495 6984 1684 1215 3784 6407 2966 8214 7873 355 7341 7757 1337 1296 4459 1262 525 3523 63 
20 2774 3430 1640 1102 2409 3194 7548 1443 6082 2867 4638 4314 2769 6806 3222 8010 8197 6738 5203 7671 
22 8509 7129 6741 6450 135 7172 4245 1667 7785 595 775 2667 4347 5608 2057 8721 5976 4440 453 7461 8297 1022 
17 583 2006 7248 7152 5428 7477 8116 461 8686 7488 1736 2805 7743 6509 80 5483 8356 
13 61 1784 1852 3821 7465 3105 8856 2663 7113 7773 153 3001 904 
15 5343 1421 908 7364 5809 6243 2234 320 5163 6578 4950 5639 4336 3908 8365 
14 5304 2233 8435 825 3544 313 7147 3044 3907 6617 1714 3142 6320 5530 
24 6694 2942 8277 3739 4782 1884 8403 2076 7971 6882 3432 5302 2479 3436 7566 5640 1982 8166 6008 4076 2522 8668 8709 8754 
11 6633 5562 3086 544 2506 4852 4915 6174 1750 5346 451 
24 741 6150 7546 3840 3502 5751 8671 2209 826 2969 2630 7370 4111 4086 3776 2777 6505 6061 3010 8584 1167 8050 2471 621 
10 4011 6398 6898 5527 2715 8576 8200 6620 5898 8600 
22 1528 8489 8774 4080 3411 2570 5291 3038 2368 3165 8631 7515 4907 7508 3145 7132 8593 7552 4578 8886 331 2101 
16 5222 8020 7613 3393 3845 7796 6138 2452 740 3473 6655 3130 1671 1477 4341 5261 
17 1993 1492 1625 6420 1777 3789 1647 7092 156 1631 2415 5969 6292 5367 5035 4362 6388 
16 368 1792 2386 993 6902 5394 7194 6201 7701 1034 3150 2398 8076 5257 2655 3318 
12 4586 2963 3512 6029 3842 6601 643 177 5968 5734 7942 2617 
25 8420 6654 6155 8382 8940 3616 6537 4366 5298 5310 8510 8843 7221 3862 7987 5519 4009 2139 1217 2340 1026 4804 8201 2047 287 
16 1353 7864 1524 5829 7870 7193 5601 6584 6967 6784 377 174 3561 8473 3448 3272 
11 5091 3669 7791 3416 1767 6785 8524 470 6758 8732 336 
7 7355 6523 7061 3574 3545 6126 4182 
18 4467 6128 3970 1985 4327 5967 1166 3314 8148 688 338 4388 4890 333 556 4631 71 8349 
16 7877 3990 1674 3426 1500 4396 708 5766 6672 542 8062 7926 5210 4777 2144 3207 
17 4066 1384 7314 267 4409 5124 6698 1475 2407 4832 8691 6839 4128 5929 8649 5742 8753 
21 8564 4583 2957 533 1503 1386 7883 922 4786 7387 799 5219 777 412 928 242 6945 5849 1610 888 1703 
13 7318 6662 1159 4958 1781 5168 7397 1606 2365 2708 503 4849 3642 
23 8559 1447 5744 8254 3022 376 8665 3759 1098 5782 2557 893 5379 7626 4710 3233 8361 5675 4097 8362 5614 7752 6506 
8 7347 2866 3499 1682 4419 195 1996 3649 
9 8189 7553 6159 3129 7206 3722 7327 5741 6145 
12 8675 1817 6172 1395 1468 6414 877 3437 8676 8234 3344 4118 
13 6879 2470 2292 2989 7414 1924 7305 1921 7750 2768 2084 4321 4254 
15 3291 4657 1864 7466 2388 8339 8159 319 8031 618 1832 4265 8381 723 4513 
20 3564 6404 7451 4507 3445 1676 85 6850 5564 5709 4104 6974 5262 6043 4712 1493 4739 963 7835 8734 
15 2327 7329 8915 4703 7438 2776 7972 2052 3808 4259 997 6947 2584 6075 6704 
11 6952 19 892 2118 6563 7686 5267 7990 1193 4949 6175 
14 7779 7884 2753 5835 5009 8326 3799 5768 2808 4106 3123 8299 3078 5578 
8 8271 8447 2681 3740 2528 65 4571 6499 
22 8086 8104 4630 2973 3325 6133 8493 524 3895 5101 1871 774 924 4809 4044 8415 4903 7605 2351 5906 7571 5378 
11 4475 8303 1369 7610 3377 8750 3832 2834 6224 8778 4492 
16 5902 6269 8586 6804 4109 2031 4137 6446 4595 4138 3597 7260 4512 1974 7923 340 
14 610 3245 4959 2288 907 2901 2561 1328 2268 7403 3399 5255 2553 2226 
14 1208 5917 3901 7080 1248 196 3292 7588 970 3980 2712 6990 5761 8305 
13 8071 7208 7045 1748 3463 1814 2955 6137 1116 4850 5401 4015 4816 
15 3381 2333 7697 7829 4824 890 8125 7004 8492 1870 1690 6859 3805 5430 8592 
24 3168 3546 5393 7638 4686 7554 3420 4645 5375 7679 6737 5619 5708 1448 1911 2504 5911 278 6823 4438 1965 6464 1434 4991 
12 3239 6843 8209 3176 492 462 7352 8432 2447 8286 2752 4954 
14 4098 5218 7471 6068 8309 3073 7122 1859 7918 6600 8725 4191 1056 240 
12 2278 477 3572 5553 7135 1428 6064 543 2478 8242 3367 3198 
27 113 4885 3196 2074 6186 152 2077 2741 3190 5082 3326 2115 934 7794 523 8533 8218 6378 2631 2443 8591 4789 7365 8887 6588 4650 1811 
20 1815 3005 6168 482 8614 3583 3338 629 458 6566 852 1255 6375 1882 8025 5738 2294 8697 2971 1036 
20 2507 5808 3396 7380 8609 3117 2817 403 6098 7516 118 7361 6921 6253 3556 26 517 6801 1706 4022 
23 4882 696 457 4875 6173 5628 7425 7745 546 2760 52 1203 7712 670 8400 2153 5167 7753 1502 114 2590 1361 8465 
18 1879 6164 4482 483 2952 1565 7344 397 2107 6393 6769 6678 3999 1289 7960 8914 2778 3125 
24 2429 7891 4196 8823 5012 3879 2033 4344 1152 1412 6268 7727 7493 1861 1810 6298 1402 3330 3379 6180 6812 7299 4917 6841 
19 4352 4826 8379 1453 7762 659 459 1912 1504 2910 2417 4235 134 6846 4876 3917 2336 7449 2331 
16 1724 6900 4537 326 802 8035 5584 3775 7941 2362 7498 3088 7178 8528 1894 6949 
10 1880 2406 4457 2749 1450 5805 6027 727 5270 5223 
22 5402 2296 4648 4794 419 2992 8110 6024 4555 1189 7274 2977 516 2370 3186 3182 5715 2129 5851 4745 1457 3725 
23 8587 8698 3138 5282 2167 3414 5799 2900 1311 408 5123 3710 6203 724 4038 1720 6171 2413 5068 8680 2757 3431 346 
21 7711 1407 4428 6304 7255 5686 7710 7253 2706 7693 6121 1891 2393 5670 7502 4825 3487 8281 7328 8469 3144 
11 219 6544 6013 7440 6423 6773 985 5655 1224 6299 7667 
21 6794 271 6547 8085 6438 7386 379 3532 8617 5550 5451 6680 1800 2345 6983 8270 7860 3774 2371 2267 3118 
