110
4 28 35 93 97 190 
4 196 197 252 286 333 
4 369 420 423 441 12 
4 33 47 165 300 326 
4 482 1 14 21 256 
4 279 299 306 315 322 
4 330 421 454 7 17 
4 86 154 189 212 334 
4 352 358 414 492 11 
4 64 72 73 120 141 
4 156 158 170 182 213 
4 266 301 319 337 410 
4 443 462 484 495 0 
4 38 48 52 108 111 
4 113 155 166 210 221 
4 234 261 264 298 310 
4 329 350 371 376 434 
4 448 451 452 463 475 
4 486 5 15 19 20 
4 34 60 61 147 175 
4 181 187 193 199 208 
4 219 231 236 240 249 
4 258 271 273 277 288 
4 292 311 320 324 356 
4 360 367 385 387 396 
4 405 409 419 430 433 
4 439 445 455 473 498 
4 499 3 6 8 10 
4 13 18 23 24 31 
4 55 65 71 89 90 
4 91 99 105 117 121 
4 123 139 149 159 162 
4 163 177 180 188 192 
4 201 203 214 218 225 
4 230 235 242 263 268 
4 276 278 283 294 302 
4 328 336 345 348 351 
4 353 362 364 375 384 
4 388 391 392 394 397 
4 399 400 403 407 412 
4 422 424 427 429 431 
4 437 438 442 444 447 
4 449 459 467 472 474 
4 497 16 22 25 26 
4 27 29 32 36 40 
4 41 44 45 46 50 
4 54 56 59 66 69 
4 70 76 78 79 80 
4 81 92 95 100 101 
4 104 106 107 109 112 
4 114 115 116 119 124 
4 128 129 132 136 138 
4 144 148 151 152 153 
4 160 164 172 174 185 
4 186 195 198 200 204 
4 207 217 226 233 237 
4 244 245 247 251 254 
4 259 267 269 274 280 
4 282 284 285 289 295 
4 304 307 325 332 339 
3 341 347 359 361 
3 363 365 372 373 
3 377 378 379 390 
3 395 401 411 425 
3 432 446 450 453 
3 460 461 468 490 
3 494 2 4 9 
3 30 37 39 42 
3 43 49 51 53 
3 57 58 62 63 
3 67 68 74 75 
3 77 82 83 84 
3 85 87 88 94 
3 96 98 102 103 
3 110 118 122 125 
3 126 127 130 131 
3 133 134 135 137 
3 140 142 143 145 
3 146 150 157 161 
3 167 168 169 171 
3 173 176 178 179 
3 183 184 191 194 
3 202 205 206 209 
3 211 215 216 220 
3 222 223 224 227 
3 228 229 232 238 
3 239 241 243 246 
3 248 250 253 255 
3 257 260 262 265 
3 270 272 275 281 
3 287 290 291 293 
3 296 297 303 305 
3 308 309 312 313 
3 314 316 317 318 
3 321 323 327 331 
3 335 338 340 342 
3 343 344 346 349 
3 354 355 357 366 
3 368 370 374 380 
3 381 382 383 386 
3 389 393 398 402 
3 404 406 408 413 
3 415 416 417 418 
3 426 428 435 436 
3 440 456 457 458 
3 464 465 466 469 
3 470 471 476 477 
3 478 479 480 481 
3 483 485 487 488 
3 489 491 493 496 
