585
4 5357 5121 8148 6404 
4 421 2589 5913 5583 
4 6255 9906 8785 3629 
4 6584 7710 1737 3987 
4 7529 5231 2094 4386 
4 5796 9487 6735 8197 
4 1756 2584 8754 998 
4 2395 6655 2861 6312 
4 59 7923 7569 7704 
4 5515 9612 6632 7444 
4 8873 7262 8452 2489 
4 7796 5905 398 8407 
4 820 1729 604 6459 
4 9004 1248 7549 7064 
4 4848 5886 8603 8733 
4 8189 8437 9354 9529 
4 6839 9213 1524 4449 
4 4318 4574 5744 9483 
4 4100 6823 3904 4233 
4 3626 7108 8479 5416 
4 9620 1287 2545 6476 
4 9383 4004 3697 1396 
4 9131 5427 4041 370 
4 973 2061 847 3015 
4 2155 4644 4863 9247 
4 7792 6668 3135 4631 
4 2222 1492 9618 2752 
4 5363 7168 2687 2843 
4 5570 44 453 2117 
4 8284 1561 7100 461 
4 3505 8775 9765 1423 
4 3295 4036 2932 8287 
4 1385 6640 8004 8854 
4 3273 5616 8591 3715 
4 2345 2096 5918 6639 
4 9813 674 3420 1556 
4 5090 7936 666 2331 
4 2935 4695 5251 2598 
4 3825 6762 1677 9959 
4 1081 1114 4147 6756 
4 5001 5592 8384 8689 
4 8119 1388 6196 7525 
4 9818 864 5989 683 
4 948 4106 6613 3942 
4 5526 9888 8911 8320 
4 4194 4473 5083 5211 
4 9128 3149 5052 7369 
4 8585 936 2459 2819 
4 7515 8777 132 2968 
4 4670 7819 2246 3484 
4 7577 962 876 7863 
4 8240 8814 2723 7939 
4 7368 752 8837 9256 
4 3457 8991 110 8392 
4 3176 7208 7290 7950 
4 371 2196 2728 7101 
4 684 8636 281 2212 
4 4808 8641 9267 5791 
4 63 2499 6240 5602 
4 9614 714 2475 3656 
4 4090 7259 1101 2064 
4 9019 4916 5651 9894 
4 1013 3678 7834 839 
4 1491 2548 3024 3765 
4 5048 7945 6170 7198 
4 4405 4961 1004 1071 
4 1115 5945 9965 4685 
4 7937 1233 2124 3302 
4 4579 3272 3795 8152 
4 9986 5042 384 2141 
4 3647 6677 7104 9295 
4 1734 2008 2070 7927 
4 4702 5101 6782 7135 
4 854 5773 6495 1707 
4 2115 4430 8058 336 
4 1164 1214 2080 4957 
4 5046 7201 7540 443 
4 2558 2922 4788 4917 
4 5214 7409 8639 1341 
4 7896 8063 3499 5653 
4 7825 49 976 6702 
4 7202 7961 1146 1830 
4 4886 4964 6381 9307 
4 3463 4509 6176 7313 
4 9568 818 82 4983 
4 3792 5295 6107 8612 
4 3047 5772 7595 7757 
4 3607 3940 4135 4874 
4 5982 2727 3096 2228 
4 2274 5713 8338 9305 
4 2964 3896 6252 636 
4 1353 3228 3566 1210 
4 3309 4322 7136 8485 
4 8608 887 5310 7305 
4 1851 3293 4240 6168 
4 7543 71 4406 4925 
4 6550 7516 8322 9433 
4 1988 1203 6935 8745 
4 9129 7551 9866 1671 
4 4940 1955 5625 7145 
4 9795 7 1812 4185 
4 9527 8116 3437 4141 
4 5383 47 4131 5219 
4 7579 594 1322 1450 
4 2456 3114 7326 8465 
4 8851 9552 4167 2259 
4 4235 4637 7359 9 
4 3042 3142 766 1094 
4 1713 7231 1742 4655 
4 5006 5652 1934 3686 
4 7583 9539 9690 532 
4 2686 5873 2962 4074 
4 4561 5494 7715 9525 
4 3844 4657 8803 9263 
4 727 2481 3072 8553 
4 723 1050 1895 4847 
4 7083 4112 4475 6129 
4 6957 2759 3357 4102 
4 7447 8250 8387 9235 
4 9532 9917 62 2982 
4 4374 7088 2293 2736 
4 7196 8736 1946 3519 
4 8332 954 3196 213 
4 7032 7308 7648 8375 
4 859 4320 8010 9196 
4 9946 1591 2045 5163 
4 6547 9063 1418 1724 
4 2726 4076 5777 6882 
4 2060 2342 3337 4619 
4 5904 6611 7725 8193 
4 8767 850 1568 2652 
4 3689 6178 9106 992 
4 2340 4402 5172 9119 
4 2544 3155 8644 1433 
4 4490 4638 4912 4995 
4 9966 1621 2642 3170 
4 3672 6558 9747 586 
4 2085 2749 3648 3775 
4 120 201 3757 5729 
4 8626 9344 9576 3542 
4 3781 5686 6038 6534 
4 6913 7451 7494 7851 
4 8601 2828 3257 4139 
4 7643 6571 8478 774 
4 4550 5931 6567 7148 
4 8138 8397 2628 3889 
4 5156 7464 7545 7814 
4 403 1763 2323 3593 
4 8186 9542 328 676 
4 2862 2870 4150 4244 
4 6134 9302 2795 3112 
4 3376 3475 4058 6537 
4 7862 18 2300 2308 
4 8997 9151 9275 9713 
4 58 4959 6467 6927 
4 7079 8187 8865 9559 
4 1383 2036 2213 2814 
4 4390 5081 4044 5366 
4 7316 8233 8242 8267 
4 9900 3451 3708 3840 
4 3869 8115 4480 8259 
4 1711 5609 6147 6171 
4 7166 7445 7703 8506 
4 9528 446 778 2123 
4 3842 5845 7673 8616 
4 8849 1160 2305 8079 
4 9243 9320 9873 11 
4 1049 1839 1936 2160 
4 2267 3526 3583 5540 
4 8094 245 654 1136 
4 2243 2313 3126 4837 
4 5096 8101 8430 333 
4 1552 2023 6050 6123 
4 6359 8167 9605 1509 
4 3913 5359 7267 7944 
4 9514 2985 3950 4284 
4 5136 5324 7726 8509 
4 9921 687 2944 4551 
4 5854 7385 7953 8036 
4 8286 9374 373 2282 
4 2920 4902 6300 6580 
4 6777 7008 706 1767 
4 2535 3106 3745 4498 
4 5209 6842 7522 8367 
4 9784 1231 1845 3618 
4 3632 3899 6481 7466 
4 9289 65 1427 2674 
4 2817 3253 7922 9340 
4 2203 5665 6060 8348 
4 9856 177 2718 4690 
4 5600 6985 6989 7026 
4 8701 9283 9722 463 
4 7700 9732 9942 593 
4 2994 3002 5622 7756 
4 8026 1359 3083 4151 
4 4965 5919 7920 8346 
4 8563 9111 780 1096 
4 1996 2572 2941 4516 
4 6582 6638 7050 8047 
4 8697 8721 9691 1357 
4 1817 3229 6313 7212 
4 8834 9649 2619 6329 
4 8253 9252 745 1085 
4 2364 9778 522 1336 
4 1372 2571 3485 4137 
4 4951 5962 7209 9366 
4 103 717 2009 2802 
4 3356 4582 6316 6363 
4 8839 9443 9779 251 
4 565 709 1861 2112 
4 4351 4352 6477 6602 
4 8477 9751 67 2647 
4 3368 6426 2351 5891 
4 5909 8811 2905 3443 
4 6994 7119 8199 9123 
4 9154 9365 6 257 
4 645 1340 3089 4259 
4 5793 7629 9124 171 
4 214 1976 2536 5492 
4 7671 7981 8614 8751 
4 332 1202 1510 1787 
4 2095 3379 4884 6415 
4 7330 9325 9585 1344 
4 1701 2162 3496 4134 
4 4293 4357 4477 7489 
4 7911 8947 9546 9629 
4 9806 60 3062 3214 
4 3308 5239 5593 188 
4 1001 1820 2957 4557 
4 4867 5544 6666 8163 
4 8200 8501 8923 9363 
4 9968 750 877 1717 
4 5149 5330 6914 8529 
4 8835 9511 9930 9974 
4 1740 1975 4222 5236 
4 5244 5518 5733 6956 
4 7934 8003 8779 1505 
4 4711 5332 5991 6297 
4 6342 7057 7391 321 
4 1351 1564 1800 2776 
4 4727 4977 7613 8651 
4 8658 9545 296 924 
4 1364 1883 2575 3730 
4 7677 9166 3750 4331 
4 4696 6188 7415 7439 
4 8040 8431 1249 1965 
4 2245 3120 4572 5529 
4 5758 5970 7153 7344 
4 9962 791 1522 1747 
4 7210 7647 8915 8990 
4 9419 9426 2509 3579 
4 4161 4415 4717 5028 
4 5131 5808 7699 8168 
4 8449 9550 1743 3473 
4 5488 5683 5835 6738 
4 7972 8056 8579 96 
4 767 1061 1714 2043 
4 2265 2573 3655 5074 
4 5728 6042 6616 7824 
4 8418 9271 9341 9397 
4 55 301 902 1673 
4 3087 6273 6419 6627 
4 7250 8866 9569 264 
4 631 1200 1523 2952 
4 3830 3845 5720 6144 
4 8470 8548 8607 197 
4 385 773 797 1178 
4 1636 1889 3223 3834 
4 4870 6742 7524 8625 
4 9566 9626 9853 1508 
4 2089 2809 3167 3306 
4 5155 5553 6226 6309 
4 6410 8487 8702 9572 
4 9797 407 2055 3137 
4 3978 4367 4960 6336 
4 6377 8132 8659 9048 
4 1476 1810 3905 4600 
4 5375 5864 6192 7155 
4 7436 7567 7748 8183 
4 9250 730 1948 2612 
4 3557 3673 4649 5610 
4 278 1228 1998 2486 
4 3271 3791 3870 4079 
4 4524 6384 8671 9718 
4 875 4043 4200 4861 
4 6058 6769 9689 9952 
4 283 2353 3001 5308 
4 6028 6198 6747 8707 
4 8940 9265 9746 9843 
4 3 1429 1912 3857 
4 3944 5476 7253 9871 
4 85 1483 2912 5170 
4 6010 6662 7302 8172 
4 9078 432 1140 2000 
4 3367 3997 7412 7443 
4 8204 8297 8677 9507 
4 263 836 884 915 
4 1040 1587 1853 3278 
4 4179 4527 4532 4706 
4 6578 7118 7880 8453 
4 9755 1720 2927 3028 
4 4469 4607 5203 5207 
4 6012 6146 6483 6981 
4 7095 7103 8442 8683 
4 513 995 3022 3728 
4 3885 5803 5849 6110 
4 6320 7696 7978 8670 
4 9695 464 634 1224 
4 1378 1821 2585 3508 
4 6757 7319 7617 7618 
4 8964 1037 1253 2877 
4 3518 4474 4565 4617 
4 4883 6370 7296 7603 
4 8722 8929 1073 1681 
4 1708 3037 3561 3736 
4 3877 4307 5174 5197 
4 6444 6498 7861 8750 
4 8932 9908 1117 1526 
4 1542 1684 1923 2939 
4 3248 3362 3375 4786 
4 4871 5785 7759 8692 
4 8895 9359 9464 137 
4 559 1116 1152 1154 
4 1484 2627 2937 4038 
4 4439 5902 7536 8524 
4 9599 520 1571 2488 
4 3892 4361 7870 8328 
4 3511 4292 4521 5278 
4 5462 6296 6367 8874 
4 8956 9880 2592 2798 
4 3853 4975 5823 7678 
4 7823 8466 8637 9197 
4 916 1261 1833 3055 
4 3107 3544 5341 5547 
4 5839 6231 6656 7041 
4 7178 9769 9849 17 
4 56 172 174 970 
4 1361 1712 2566 2600 
4 4668 4946 5705 5941 
4 6220 6577 6605 6965 
4 7463 8527 9425 9907 
4 9961 1726 2185 5378 
4 5441 5998 6938 7255 
4 9984 529 760 846 
4 2368 5503 5548 6389 
4 7130 7215 7238 10 
4 145 3050 3769 4604 
4 5250 6715 7363 8516 
4 9014 9350 297 451 
4 688 738 844 1234 
4 1430 1570 1765 2106 
4 3516 3746 3969 4663 
4 4731 5151 5446 5563 
4 6856 7740 8363 8931 
4 9092 208 525 923 
4 1122 1601 2716 3134 
4 5271 5649 6583 6752 
4 8714 9168 556 912 
4 1197 1487 1827 2165 
4 2766 5118 5325 5579 
4 6205 6266 6364 6526 
4 6540 7218 7624 7778 
4 9597 9741 9895 139 
4 164 926 1963 2407 
4 3104 3540 4093 6133 
4 7149 8239 9121 9161 
4 117 2007 2221 2295 
4 2649 3258 4491 4990 
4 6396 7518 7558 8081 
4 8673 8833 9182 9214 
4 9450 1589 1648 2484 
4 4230 5007 5013 5017 
4 5948 8059 8161 211 
4 2804 3674 4627 5574 
4 5627 5899 6052 6451 
4 7499 7839 8044 8650 
4 8824 9246 9390 9594 
4 480 628 2309 2879 
4 3691 4126 5056 5875 
4 6149 7152 7346 7692 
4 8198 8293 87 642 
4 1010 2127 2555 2848 
4 6680 7204 7983 8617 
4 9135 1015 1825 2590 
4 2836 3029 3276 3932 
4 6102 6623 6721 7318 
4 8247 9490 9719 656 
4 2125 2811 3608 3828 
4 5879 6157 6215 6645 
4 7151 7278 7752 8305 
4 8609 8653 9588 178 
4 289 597 900 1735 
4 1847 1866 1876 2872 
4 3973 4555 6036 6731 
4 7954 8606 9414 9471 
4 9580 9776 28 206 
4 1620 1943 2516 3239 
4 3480 3677 3692 4650 
4 4859 5487 5513 6193 
4 6256 9286 931 1159 
4 1464 1856 2538 4671 
4 5824 7375 8652 9852 
4 590 1056 1311 1393 
4 2226 4170 5815 6350 
4 6685 6703 8134 8578 
4 9382 9499 1632 1819 
4 2697 3527 3808 3891 
4 4522 4573 6531 9276 
4 834 1129 1205 2999 
4 3092 3132 4496 4792 
4 5058 5061 5559 5981 
4 6111 6152 7764 7888 
4 8258 8434 124 151 
4 307 1260 1877 1994 
4 2732 4054 6206 6443 
4 6741 6984 8468 8537 
4 53 1718 1874 3895 
4 4933 5094 6053 7105 
4 7475 7875 8342 8684 
4 9238 9407 9637 142 
4 236 290 589 1562 
4 1642 1888 2190 2705 
4 3573 4725 4997 6228 
4 7542 7734 8967 9241 
4 9799 2091 2428 3980 
4 4055 4611 4814 4857 
4 6306 7413 7512 7777 
4 9165 9675 9748 1704 
4 1884 4442 4661 4865 
4 5371 5418 7610 7884 
4 9326 9714 9730 253 
4 2490 3297 4091 4592 
4 4636 4692 4774 5710 
4 6628 6651 6676 6932 
4 7219 7361 7993 8032 
4 8035 8907 9530 9602 
4 9761 9864 540 1445 
4 2020 2241 2765 4703 
4 4875 4989 5644 6155 
4 6849 7286 7406 7659 
4 9376 362 648 735 
4 1282 1837 2854 3558 
4 3912 3924 4066 4363 
4 4381 4716 5044 5235 
4 5517 5794 6557 1440 
4 2254 2565 2887 3654 
4 3802 3839 3945 4187 
4 4506 4926 5035 6326 
4 6827 7090 7526 7662 
4 7841 8123 8176 9523 
4 9896 9976 898 1023 
4 1595 2400 2461 3531 
4 3553 4656 4771 4904 
4 5020 5671 6365 6733 
4 7003 7074 7594 8423 
4 9016 534 1598 2806 
4 3498 3567 4064 4089 
4 4410 5916 6366 6380 
4 6794 6976 7382 7733 
4 8241 9650 9922 358 
4 1339 1406 1467 2006 
4 2081 2457 3422 4559 
4 4773 5389 5474 5530 
4 6289 6673 7037 8333 
4 1332 1533 1723 2320 
4 4412 5205 5355 6436 
4 7356 7374 7432 7683 
4 8597 9220 9368 9453 
4 147 210 404 960 
4 1471 2375 2783 3760 
4 3906 4879 5336 5898 
4 6076 6800 6988 7914 
4 8432 8861 9456 9848 
4 9988 33 489 622 
4 689 1422 1584 2907 
4 4495 6361 6857 8019 
4 146 909 1609 3323 
4 3718 4375 4478 4720 
4 5178 5457 5489 6490 
4 6514 6778 7821 8376 
4 8715 8889 8938 9468 
4 9879 2381 2389 2462 
4 3145 3704 4011 4639 
4 4766 5086 5551 5633 
4 6528 7419 7426 7534 
4 7768 7785 7818 7943 
4 8153 8648 9043 737 
4 1021 2398 2401 2874 
4 3244 3582 3617 4452 
4 5856 5869 6784 7230 
4 7249 7310 7530 8043 
4 8150 8894 8898 9192 
4 9361 9561 9684 9726 
4 396 1529 2260 3595 
4 3882 3914 6016 6340 
4 7175 7592 8823 8845 
4 9072 9703 150 1512 
4 1922 1930 2129 3153 
4 3299 3352 3559 3983 
4 4026 4057 4953 5467 
4 5776 5901 6208 6585 
4 6870 7917 8299 8954 
4 9631 39 198 635 
4 835 1952 3371 3966 
4 5085 5255 5380 5461 
4 5865 5920 6202 7013 
4 7990 8325 8425 8679 
4 9122 9143 9222 9971 
4 1090 1886 2191 3749 
4 3985 4202 4467 4823 
4 4907 5522 5832 6466 
4 6834 7116 7454 7770 
4 8712 8746 9429 32 
4 359 512 804 947 
4 3075 3188 3339 5531 
4 5556 5724 6649 7010 
4 7596 7956 7966 8238 
4 8682 9062 9221 9549 
4 9667 9802 711 1507 
4 1822 2134 3129 3136 
4 3564 4124 4704 5615 
4 6724 7480 7689 9091 
4 9183 9606 9734 9828 
4 45 149 678 1347 
4 1761 2277 2924 3011 
4 3428 3811 4016 4640 
4 4887 5896 5908 6184 
4 6421 6700 7220 7221 
4 7809 8519 9868 170 
4 300 1100 1256 2148 
4 2167 2343 2707 3322 
4 4208 5756 6243 6574 
4 6705 6873 7186 7731 
4 7876 7970 8276 9173 
4 0 313 849 1382 
4 2024 3641 3694 3991 
4 4465 4514 5047 5451 
4 5566 5584 6160 6264 
4 6446 6811 7964 8196 
4 8263 8632 9096 471 
4 611 2198 2278 2467 
4 3020 3121 3724 5164 
4 5939 6203 6248 6637 
4 8264 8562 9459 9573 
4 1047 1908 2495 2672 
4 4335 4708 4949 5166 
4 5277 5954 6553 6659 
4 6681 6903 7984 8027 
4 8517 8752 8908 9752 
4 9978 1044 1157 1174 
4 1199 2983 4659 5657 
4 6015 6522 6596 6726 
4 6942 7386 7424 7975 
4 8133 9299 9583 9891 
4 9987 9996 1179 1181 
4 1569 2367 2875 3681 
4 3818 4215 4340 4992 
4 5040 5240 5860 5947 
4 6648 7425 8711 8801 
4 9068 9210 9328 433 
4 541 708 1106 1411 
4 1593 2337 3127 3203 
4 3226 3412 4511 5362 
4 5449 5721 6017 6112 
4 7384 7727 9038 9633 
4 562 2062 3517 4790 
4 5173 5763 5836 6022 
4 6719 7509 7521 8143 
4 8222 9836 514 825 
4 1381 1616 1668 1840 
4 2506 2702 3031 3563 
4 3894 4286 4419 4456 
4 5536 5813 6246 6478 
4 7500 8160 8210 9721 
4 204 355 2025 2296 
4 2601 4052 4206 5157 
4 5496 6351 7555 8202 
4 8413 8667 8696 8828 
4 8863 8864 9486 608 
4 889 968 1400 1751 
4 1768 2120 3105 4359 
4 4958 5730 6492 6713 
4 7877 8139 8336 8810 
4 70 465 1012 1409 
4 1535 2159 2329 2437 
