750
297 204
242 716
415 585
384 156
675 662
199 703
470 72
364
179
522 458
516
113
356
933
937 806
638
605
385 927
171 901
826
343 368
27 670
912 871
270 155
215 758
372 612
712
563 622
188 947
108 104
916 447
765 175
494 395
757
129 967
409 291
619 797
153 553
91 883
445 40
169 518
208
466 686
831
481 191
789 180
214 982
381
848
578 492
159
289 146
756
423
720 558
344 763
307 371
196
436
413 762
964
796 80
99 105
550
358
995 681
779
350 847
469 487
737 528
961 543
12 620
760 138
821
338 544
426 8
666 993
795 744
443 705
628 263
428 246
968 965
894 773
451
745
123 218
241
570
951
125
853 345
149
532
511 630
11
310 800
294
521 517
629
887
114 126
609 168
272
482 770
805 49
95 327
386 200
625 945
36 76
709 250
92
260
636 684
115 548
475 674
388 714
807
574
508
406
376 231
889
736
730
601 64
501 461
474 828
861 498
444 697
454 624
886
803
88 392
589 615
463
552 162
438 817
717 631
659 337
248 774
390 846
939
51 837
857 897
347
893
626
77
545 808
134 471
467
608 119
46 158
746
170
530
856 432
484 524
150 223
87
943 418
881 61
271 825
478 496
216
298
581 510
980 868
457
96 595
434 133
5
403 53
860
525 952
930 862
183 330
891 375
759 405
810 523
404
723
499
173 54
536
814 257
936
285 117
991 753
452 280
726 55
676 363
352
422 892
895
243 985
29
769 571
328
867
542 590
28
120
632 31
66 67
137 244
30 573
988 699
139
288 653
869
355 902
815
793 455
429
101 788
841 382
341 940
439
923
556
513 600
911 161
195 958
25
529 15
2 236
987
979 262
661 586
281
228
711 185
809
921
365 946
324 934
648
813 801
820
109
480
852
89
878
93 86
226 20
777
209
700 683
267
692
858 69
707
224 131
654
865
669
974 582
583 918
899
890
493
551
348
611
741
219
955
658
750 866
888
706
836
277
254
718
941 840
233
239
47 182
835 128
6 44
755
616
971
286
78
695 249
728
202
266 599
329
504
635 876
996 449
953 752
369
147 94
217
127
366 577
472
725
907
688
715 26
833 673
963
4
823
265
70
154
665 701
259 751
935
48
906
775
22
237 909
663
885 873
580 915
306 685
713
604
213
597
273 740
830
502
623
172 981
118 256
283
910 637
721 207
497
190 818
383 102
320
913
495 252
855
633 151
682
448
396
73
931
10 977
598 206
421
238 990
319
656
258
898 731
279
145
768
408 920
85 227
877
176
614
7
503 949
956 71
313
353 402
617 97
926
116 568
812
729
999 410
189
253 373
136
966
645
569
959
52 414
247
255
924
650
998
997
564 290
864
339 476
58 735
643 603
304 163
689 124
849
464 18
37 579
859
393
922
880
668 318
747
678
527 399
984 417
275
972
441
336 782
57 331
477
559
302
367
932 973
588
269 562
411
148
245
210
539
986
948
50
479
296
166
437 465
989
870
970
575
802
677
268
435
535 144
205
722
978
592
314
90
143 84
660 534
904 816
389
41
433
34
65 710
333
430
387
3
576
229
613
727
316
309
644
325
427 82
374
193
994
141
702
875
784
460
35
766
100
634 919
594
157 459
301
488
198 322
596
567
23
960 824
896
587 664
140
98
152 798
761
251
882 698
234 832
618 165
651 32
300
754
221 394
584
412
844
667
378
370
546
203
21
33
361
778
340
284
42
804
607 872
63
505
278
357
950
397
791
512 160
468
440
719
962
538
59 321
490 424
787
177
771
560
16
547 749
181
287
211
925
456
694
854
379
851
929 572
201
121
785
186
908
391
19
446
315
557
509
561
647
500
13
606
230
515
184
541
942
83
45
794 419
827
75
142
822
742
533
334
506
132
610
845
235
519
874
164
311
838 884
261
293
489
110
641
992
303
282
39
342
362
360
473
639
450
81
462
407 335
400
748
526
240
799
453
969
401 398
850
354
60
197
621
693
679
819
346
591
863
537 928
671
776
655
425
194
103
292
192
1
914
79 657
566 68
743
486
690
220
483
739
380
687
326
167
680
646
842
555
708
349
672
834 781
377
274
944
135
323
305
56
593
732
565
649
531
111
691
317
232
507
954
696 359
225
772
733
879 783
9
903 0
178
839
14
43
122
187
764
299
554
112
295 130
514
222
485
704
174
212
107
351
491
976
642
917
312
792
602
416
332
442
790
431
549
24
540
738
905
640
652
276
829
957 264
520
767
308
843
811
420
106
724
62
780
627
74
17
38
786
734
900
975
938
983
